0.518563
0.529974
0.459022
0.476696
0.359237
0.320678
0.152752323r3234
0.245074
0.438633
0.240525
0.348455
0.389459
0.503701
0.602994
0.77303
0.906007
0.940075
0.821653
0.626465
0.611485
0.627345
0.676187
0.816202
0.986266
0.910778
0.926838
0.863848
0.68201
0.8676
0.86191
0.989039
0.963929
0.803008
0.810093
0.77258
0.923493
0.983273
0.887288
0.989506
0.795335
0.794809
0.959978
0.852527
1.00591
0.830609
1.02935
1.08993
1.13406
1.01573
1.01901
1.05848
1.00937
0.861795
0.908585
1.07951
1.05421
1.12889
1.04312
0.950051
0.779686
0.719309
0.691749
0.521407
0.431613
0.586369
0.625757
0.513075
0.492694
0.429488
0.362115
0.220655
0.114117
0.14237
0.00614272
-0.101051
-0.192626
-0.259037
-0.207888
-0.349265
-0.543293
-0.63727
-0.461066
-0.640105
-0.478293
-0.574453
-0.629167
-0.445771
-0.429829
-0.325012
-0.351118
-0.387949
-0.286894
-0.128297
-0.192756
-0.0442634
-0.136882
-0.0377173
-0.179681
-0.348387
-0.280345
-0.236708
-0.386217
-0.19859
-0.105918
0.0141233
-0.0461889
0.0267547
-0.132503
-0.184785
-0.141469
-0.11517
-0.305408
-0.147482
-0.145924
0.00856683
-0.104453
-0.0493435
-0.134909
-0.0545402
-0.118782
-0.288406
-0.253591
-0.219757
-0.276035
-0.330747
-0.227623
-0.327413
-0.444577
-0.479099
-0.404686
-0.476838
-0.462712
-0.310296
-0.481815
-0.560388
-0.672101
-0.781996
-0.931028
-1.01949
-1.13351
-1.2323
-1.13888
-0.993678
-0.939031
-1.11643
-1.04007
-0.907435
-0.716018
-0.741522
-0.934562
-0.866992
-0.680585
-0.53828
-0.586918
-0.775211
-0.81215
-0.680419
-0.556326
-0.523284
-0.330213
-0.481899
-0.578582
-0.580777
-0.390854
-0.412254
-0.372587
-0.217911
-0.0760867
-0.260987
-0.163147
-0.131151
0.066578
0.146139
-0.0151528
0.0602136
0.0716537
0.160824
0.0884712
0.132322
0.0006942
0.157012
0.125521
0.0287255
0.140904
0.13665
0.310911
0.393414
0.516872
0.5572
0.652402
0.762501
0.775495
0.821976
0.820871
0.787798
0.650024
0.616333
0.656719
0.728406
0.711692
0.800677
0.793247
0.868699
1.03344
1.08719
1.25629
1.24927
1.43257
1.54877
1.71091
1.86885
1.91399
1.71904
1.75256
1.81512
1.91033
1.94354
1.97919
1.90918
2.10577
2.27402
2.16967
2.29237
2.21682
2.14562
2.25897
2.39846
2.53505
2.34125
2.51932
2.33974
2.50002
2.43797
2.33293
2.25443
2.32591
2.44203
2.36014
2.47486
2.46082
2.61688
2.57137
2.61232
2.64304
2.51848
2.34872
2.4027
2.3218
2.28253
2.12082
1.93646
1.95378
1.9203
2.08453
2.27451
2.12076
2.16588
2.14201
2.23413
2.14619
2.08414
1.97769
1.98007
1.95278
2.02395
2.01805
1.99912
2.03472
2.13588
2.05246
2.01139
2.17821
2.04127
1.84157
1.64865
1.7909
1.76723
1.88727
1.74829
1.69854
1.51828
1.45486
1.49585
1.48129
1.39102
1.57503
1.68205
1.61533
1.75396
1.68181
1.51044
1.39733
1.35716
1.36815
1.40489
1.39739
1.28702
1.26249
1.16966
1.24641
1.18754
1.32538
1.2367
1.21431
1.13806
1.06822
0.956865
0.865012
0.767487
0.934029
0.874414
1.06992
0.879726
0.940221
0.88658
0.726796
0.763692
0.611495
0.72396
0.649568
0.617799
0.547632
0.572743
0.568238
0.734015
0.670642
0.613468
0.742173
0.778145
0.786262
0.72312
0.64784
0.460251
0.54903
0.647093
0.48897
0.609015
0.52617
0.341474
0.158211
0.0894615
-0.041705
-0.0966867
-0.0889095
0.00423575
0.196066
0.110117
0.0300295
0.0469808
0.0538139
-0.138359
-0.0292787
0.109752
0.199524
0.249867
0.0507557
0.169672
0.0198394
0.108945
0.216448
0.208316
0.17884
0.315849
0.497196
0.34896
0.201786
0.0466688
0.00163949
0.0592806
0.142341
0.0449504
0.240077
0.0424253
-0.0113472
-0.211222
-0.194701
-0.0490048
0.0280199
-0.0378421
-0.0315131
-0.117936
-0.233224
-0.0781533
-0.193268
-0.154622
-0.14015
-0.0746065
0.0521302
-0.0919008
-0.0331362
-0.148687
-0.244848
-0.212851
-0.188748
0.00167271
-0.192797
-0.141574
-0.0144061
0.00607175
0.00324415
-0.103747
-0.125424
-0.207796
-0.384665
-0.333422
-0.253528
-0.101135
-0.235887
-0.403578
-0.463922
-0.362302
-0.492369
-0.406492
-0.345748
-0.40952
-0.391129
-0.417306
-0.317852
-0.447323
-0.612927
-0.604589
-0.526935
-0.47869
-0.381055
-0.420427
-0.489934
-0.47734
-0.480739
-0.282954
-0.447443
-0.287539
-0.0994158
-0.220674
-0.187089
-0.157792
-0.311352
-0.454066
-0.530472
-0.345199
-0.212702
-0.01613
0.0640364
-0.0698737
0.0540423
-0.0470456
-0.0226361
-0.124204
-0.120743
-0.262928
-0.293417
-0.27093
-0.210785
-0.147047
-0.318546
-0.406947
-0.537818
-0.488579
-0.557061
-0.712083
-0.605957
-0.630791
-0.743798
-0.72662
-0.606618
-0.592653
-0.667233
-0.844742
-0.714395
-0.712467
-0.839689
-0.826033
-0.822496
-0.649155
-0.559501
-0.47646
-0.629
-0.460929
-0.301727
-0.271249
-0.124294
-0.0797545
-0.172764
-0.293306
-0.380086
-0.433018
-0.394731
-0.377559
-0.467957
-0.431312
-0.390272
-0.340205
-0.441423
-0.300359
-0.417123
-0.528844
-0.41159
-0.223826
-0.365776
-0.443202
-0.595784
-0.76292
-0.617791
-0.452322
-0.471596
-0.404216
-0.342227
-0.199491
-0.361603
-0.176166
-0.21231
-0.196325
-0.089615
-0.139236
-0.296138
-0.40454
-0.266717
-0.101362
0.0404342
0.187371
0.240569
0.373924
0.291276
0.149148
0.0195791
-0.160538
-0.190383
-0.127827
-0.0592645
-0.135181
-0.308909
-0.440653
-0.444062
-0.601159
-0.434327
-0.538557
-0.500415
-0.589339
-0.443771
-0.509838
-0.333529
-0.524483
-0.473431
-0.340731
-0.338647
-0.170921
-0.260088
-0.390531
-0.208451
-0.162777
-0.161979
-0.287061
-0.425844
-0.300973
-0.386188
-0.247826
-0.306297
-0.444626
-0.342715
-0.30962
-0.494441
-0.400766
-0.430401
-0.574269
-0.510373
-0.457245
-0.603356
-0.441983
-0.334622
-0.470664
-0.417153
-0.472986
-0.541707
-0.34819
-0.34108
-0.539241
-0.350738
-0.322874
-0.203576
-0.110793
0.0509593
-0.0622848
-0.0448821
0.106879
-0.0892869
-0.0781909
-0.210806
-0.349122
-0.313568
-0.462814
-0.535332
-0.377623
-0.275988
-0.224066
-0.323763
-0.160918
-0.303241
-0.36028
-0.185816
-0.343488
-0.345894
-0.309503
-0.401983
-0.583124
-0.583438
-0.697191
-0.791521
-0.703661
-0.844998
-0.68424
-0.708659
-0.655898
-0.746322
-0.576613
-0.398173
-0.515952
-0.494202
-0.445763
-0.497552
-0.59219
-0.428953
-0.267493
-0.264754
-0.335669
-0.402683
-0.251864
-0.188643
-0.124739
-0.186541
-0.213959
-0.0789562
0.00370428
0.121712
0.131028
0.00742851
0.0825707
-0.076343
-0.204855
-0.348043
-0.204911
-0.285443
-0.168767
-0.16881
-0.245723
-0.253451
-0.1567
-0.165008
-0.342781
-0.345534
-0.418361
-0.219124
-0.178459
-0.124801
-0.219294
-0.215103
-0.269504
-0.2593
-0.392892
-0.320606
-0.399063
-0.510472
-0.548067
-0.574664
-0.37668
-0.269036
-0.293832
-0.429012
-0.467478
-0.466595
-0.474141
-0.448726
-0.545296
-0.744768
-0.672128
-0.597906
-0.475756
-0.501873
-0.612787
-0.42521
-0.559706
-0.692714
-0.673614
-0.487235
-0.436452
-0.278236
-0.38828
-0.360136
-0.209061
-0.0270596
0.138344
-0.0407258
-0.0684353
-0.140631
-0.111279
-0.0991428
-0.0817698
0.112548
0.0951214
0.277192
0.219727
0.365476
0.2401
0.358476
0.506682
0.637379
0.496503
0.390142
0.435813
0.308049
0.130061
0.187876
0.259002
0.067461
0.017153
-0.0295385
-0.157636
-0.277525
-0.36593
-0.330084
-0.509289
-0.485135
-0.357502
-0.539101
-0.449357
-0.453384
-0.499037
-0.400428
-0.29604
-0.35933
-0.307184
-0.337979
-0.188419
-0.0511537
-0.0136925
-0.195033
-0.186632
-0.0498001
-0.160811
0.00508871
0.151647
0.347659
0.524194
0.384701
0.511352
0.564934
0.444618
0.492082
0.325602
0.234929
0.38212
0.19566
0.0184371
0.110711
-0.0479183
-0.0349319
0.00567506
0.199809
0.0824977
0.0965066
0.0377449
0.0567049
-0.0576543
-0.0689441
0.0404873
0.0378097
0.237346
0.294507
0.278522
0.305615
0.322104
0.411679
0.271525
0.204906
0.139743
0.00808775
0.1075
0.0839469
-0.10059
0.0446841
-0.0370312
-0.16703
-0.142699
-0.142972
-0.136786
0.013911
-0.123855
0.0601415
-0.128063
-0.239448
-0.136335
-0.155679
-0.348668
-0.219539
-0.0653318
0.000869964
-0.155924
-0.16066
-0.0509355
0.0798909
0.0647429
-0.112918
-0.112402
0.0124968
-0.153272
-0.0157619
-0.18627
-0.347975
-0.309567
-0.194196
-0.196941
-0.374466
-0.540865
-0.439179
-0.364944
-0.517059
-0.632257
-0.793785
-0.991283
-0.966562
-1.116
-1.23477
-1.04396
-0.890132
-0.741359
-0.632222
-0.634471
-0.68262
-0.834742
-0.708224
-0.62575
-0.492937
-0.595013
-0.686491
-0.678649
-0.61001
-0.591348
-0.411552
-0.579028
-0.478178
-0.586414
-0.554142
-0.542927
-0.450579
-0.445949
-0.484024
-0.532702
-0.612132
-0.795266
-0.836449
-0.725763
-0.820589
-0.969735
-0.962474
-0.876035
-0.822311
-0.877414
-0.839147
-0.687181
-0.885049
-1.00248
-1.13246
-0.99827
-0.989871
-0.833544
-0.983009
-0.916214
-0.865628
-0.801053
-0.781971
-0.903643
-0.847124
-0.784604
-0.63265
-0.505549
-0.498084
-0.673038
-0.534604
-0.369175
-0.320575
-0.402709
-0.253096
-0.220969
-0.411761
-0.286685
-0.244892
-0.112156
-0.304004
-0.379961
-0.545209
-0.493164
-0.640316
-0.542792
-0.585219
-0.673873
-0.731556
-0.636623
-0.767384
-0.601956
-0.436617
-0.2739
-0.324945
-0.508277
-0.596064
-0.697504
-0.58562
-0.775175
-0.682287
-0.508583
-0.667507
-0.4827
-0.64801
-0.703393
-0.646565
-0.471817
-0.584562
-0.744129
-0.828121
-0.678442
-0.742488
-0.7011
-0.886587
-0.721946
-0.910566
-0.74331
-0.828686
-0.67899
-0.746588
-0.61807
-0.672645
-0.695093
-0.79963
-0.814718
-0.66268
-0.799016
-0.872473
-0.698959
-0.585498
-0.543557
-0.48935
-0.67798
-0.838576
-1.03182
-0.897697
-0.761824
-0.573618
-0.391354
-0.524696
-0.482992
-0.476016
-0.493133
-0.360135
-0.415159
-0.404757
-0.311066
-0.373749
-0.463659
-0.48448
-0.298474
-0.221731
-0.344276
-0.223141
-0.0983457
0.096707
-0.0931766
-0.0770758
-0.0258145
0.0361274
0.125688
-0.0273832
-0.0312713
0.0316809
-0.0440349
-0.0268863
-0.124075
-0.223343
-0.147885
-0.0856023
0.0311111
-0.127378
-0.218478
-0.133428
-0.309563
-0.418005
-0.347933
-0.404388
-0.393106
-0.223607
-0.0569847
0.104367
0.207391
0.0510125
0.0585304
0.22621
0.0610524
-0.0900095
-0.264318
-0.459982
-0.55809
-0.61862
-0.7558
-0.774795
-0.683144
-0.565068
-0.38542
-0.383527
-0.554057
-0.443948
-0.32365
-0.161284
-0.277445
-0.429936
-0.458648
-0.442101
-0.303446
-0.266822
-0.294094
-0.310971
-0.461497
-0.40653
-0.420633
-0.616888
-0.650627
-0.76635
-0.696325
-0.577495
-0.437491
-0.340478
-0.197254
-0.353986
-0.221103
-0.226796
-0.398122
-0.471398
-0.628399
-0.444478
-0.301768
-0.19463
-0.307956
-0.211544
-0.231915
-0.182638
-0.0699416
-0.00250095
-0.115276
0.00290777
-0.0579842
-0.118525
-0.151626
0.0249282
0.190734
0.34848
0.361298
0.262267
0.219007
0.375168
0.400366
0.326836
0.287361
0.380813
0.23366
0.280068
0.204463
0.219951
0.415697
0.467203
0.41741
0.524651
0.712899
0.794432
0.648026
0.550679
0.509294
0.36415
0.414819
0.402804
0.304252
0.394638
0.27328
0.17906
0.153561
0.281243
0.0887357
0.132716
0.196764
0.348009
0.425255
0.461842
0.300788
0.126024
0.169772
0.000793875
-0.115452
-0.0737818
-0.187729
-0.300062
-0.270775
-0.401412
-0.331567
-0.238885
-0.181405
-0.0981279
-0.138294
-0.282967
-0.0944368
-0.149731
-0.299141
-0.221604
-0.154136
-0.10919
-0.253997
-0.149199
-0.157031
-0.0690469
-0.229593
-0.26637
-0.165021
-0.00686399
-0.134892
0.036939
-0.117906
-0.0783008
-0.114234
0.048977
0.188638
0.0660604
0.113172
0.00209497
0.0749389
0.120794
-0.0287323
0.0297979
0.0401775
0.120838
0.142611
-0.0449676
-0.240746
-0.325832
-0.467095
-0.347133
-0.513091
-0.486451
-0.492471
-0.566115
-0.58426
-0.763228
-0.653876
-0.748395
-0.72281
-0.626409
-0.728624
-0.685588
-0.726429
-0.822365
-0.925051
-0.787041
-0.703242
-0.572753
-0.74928
-0.787391
-0.940287
-1.08547
-0.992634
-0.920831
-1.03964
-0.939999
-0.8963
-0.713109
-0.615049
-0.464571
-0.629318
-0.818008
-0.737959
-0.666172
-0.693362
-0.804885
-0.624628
-0.722467
-0.805487
-0.73484
-0.660206
-0.793208
-0.950819
-0.911625
-0.910197
-0.737795
-0.63222
-0.525944
-0.633719
-0.632779
-0.799441
-0.792136
-0.651012
-0.82682
-0.849073
-0.970708
-0.959736
-0.972923
-0.908308
-0.728292
-0.610335
-0.480226
-0.536944
-0.601536
-0.499706
-0.462467
-0.552995
-0.426599
-0.476792
-0.294823
-0.235753
-0.419721
-0.314406
-0.347197
-0.312909
-0.248617
-0.359597
-0.212088
-0.105578
-0.0300732
0.120119
0.197652
0.127452
-0.0102945
-0.119158
-0.183578
-0.353061
-0.234502
-0.0942834
0.00516534
-0.0250475
-0.161851
-0.154062
-0.237753
-0.348193
-0.490439
-0.377399
-0.571744
-0.71984
-0.661497
-0.508058
-0.585765
-0.664383
-0.855964
-0.966551
-0.83136
-0.726582
-0.814794
-0.899033
-1.05992
-0.876865
-0.80716
-0.687236
-0.642985
-0.540781
-0.582088
-0.744571
-0.878293
-0.874447
-0.970877
-1.05844
-1.14069
-1.13941
-1.14175
-0.993068
-0.922143
-0.752597
-0.762698
-0.823089
-0.81624
-0.781962
-0.84811
-0.791412
-0.715509
-0.900772
-1.04446
-0.875604
-0.968751
-0.921892
-1.0702
-0.967635
-1.11943
-1.2562
-1.07081
-1.11774
-0.935
-0.994981
-0.802354
-0.627503
-0.726844
-0.689583
-0.676414
-0.506568
-0.547912
-0.739413
-0.565361
-0.432534
-0.367185
-0.20379
-0.359898
-0.173408
-0.222103
-0.10918
0.0774246
0.182625
-0.0141959
-0.0552698
-0.206665
-0.0977192
0.0296534
-0.0713855
0.126056
0.115564
0.0262868
0.138974
-0.0332331
0.089736
-0.0514638
0.0129524
0.0336582
0.0719558
-0.100226
-0.160116
-0.164366
-0.106053
-0.294298
-0.262472
-0.271294
-0.272493
-0.174822
-0.24619
-0.231733
-0.41323
-0.511326
-0.604767
-0.612167
-0.618818
-0.522568
-0.334844
-0.148076
0.0210597
-0.151556
0.0176476
0.128567
0.2898
0.300078
0.432104
0.419506
0.237757
0.178584
0.372712
0.321093
0.124439
-0.0315577
-0.0924198
-0.206702
-0.285342
-0.365681
-0.346613
-0.460951
-0.588136
-0.683634
-0.563062
-0.414909
-0.511804
-0.515239
-0.565916
-0.546096
-0.644919
-0.49286
-0.577453
-0.468559
-0.288108
-0.413901
-0.560144
-0.375675
-0.439207
-0.303311
-0.134626
0.0411209
-0.0164509
-0.0383483
0.0108152
0.174036
0.232079
0.226262
0.178132
0.35825
0.404786
0.280308
0.228012
0.360841
0.383717
0.351184
0.274424
0.27438
0.0928794
0.104064
-0.000607795
-0.0816719
-0.084239
0.0942362
0.24892
0.192531
0.132964
-0.0146116
-0.0734844
-0.126067
-0.208632
-0.326886
-0.406254
-0.403017
-0.601032
-0.732888
-0.589588
-0.787956
-0.774235
-0.727312
-0.855303
-0.76449
-0.907279
-1.06327
-1.12581
-1.02231
-0.828197
-0.87171
-0.695732
-0.60663
-0.636984
-0.651536
-0.810535
-0.891931
-0.841812
-0.82241
-0.75532
-0.71776
-0.798667
-0.649592
-0.486235
-0.558158
-0.601429
-0.547497
-0.732771
-0.595917
-0.605814
-0.804689
-0.624514
-0.480023
-0.641599
-0.536122
-0.51547
-0.515488
-0.490269
-0.431982
-0.510251
-0.483211
-0.389212
-0.37147
-0.55587
-0.499804
-0.541874
-0.664939
-0.766197
-0.756652
-0.815102
-0.624976
-0.523571
-0.507815
-0.674514
-0.55174
-0.460182
-0.575
-0.729926
-0.599975
-0.46735
-0.305192
-0.124544
-0.101257
0.0156017
0.0842648
0.262901
0.445729
0.57734
0.540914
0.367894
0.546505
0.709594
0.785664
0.629262
0.519617
0.679211
0.627257
0.755628
0.869166
0.987739
0.917186
0.825901
0.64919
0.770736
0.94848
1.09399
1.18653
1.29145
1.41459
1.55228
1.61643
1.46673
1.43424
1.41529
1.54985
1.54287
1.59152
1.74858
1.84874
1.71031
1.89268
1.93401
2.02073
1.89378
1.91432
1.98961
2.08217
1.90169
2.09236
1.98332
2.17454
2.15598
2.04159
1.98651
2.17824
2.01925
2.17289
2.05009
2.02272
1.83821
1.86702
1.68329
1.53892
1.63935
1.45869
1.5012
1.32086
1.23266
1.18552
1.372
1.5486
1.53564
1.35245
1.1953
1.02091
0.911191
0.925538
0.879646
0.732361
0.634497
0.798963
0.846977
0.749534
0.698651
0.506866
0.370418
0.220688
0.185192
0.268453
0.121495
0.302407
0.37649
0.241693
0.388837
0.341883
0.290282
0.384246
0.252097
0.402899
0.229266
0.251155
0.305676
0.177645
0.0779508
0.0721919
0.00591276
-0.0579374
-0.134546
-0.206057
-0.163232
0.0231583
-0.0692211
-0.185039
-0.0195372
-0.181004
-0.14411
-0.159008
0.0223737
-0.0254967
-0.033825
-0.143986
-0.29642
-0.192101
-0.208196
-0.0881464
0.00312103
0.123273
0.264629
0.177893
0.116265
-0.0558023
-0.0311156
0.0374904
-0.102369
-0.179963
-0.0891342
-0.158987
-0.175437
-0.0775301
-0.193969
-0.208733
-0.223551
-0.123601
-0.151068
-0.243986
-0.273745
-0.16041
-0.303031
-0.191233
-0.211221
-0.328339
-0.4782
-0.342899
-0.32083
-0.459015
-0.426483
-0.290419
-0.257584
-0.426571
-0.495593
-0.689844
-0.811715
-0.883443
-1.02179
-0.957082
-0.795391
-0.709465
-0.574297
-0.41429
-0.526686
-0.541298
-0.606897
-0.576984
-0.581254
-0.758273
-0.688201
-0.836598
-0.791545
-0.770934
-0.934515
-0.745248
-0.58687
-0.472609
-0.464748
-0.346685
-0.53193
-0.59477
-0.395609
-0.455656
-0.381442
-0.210474
-0.14455
-0.337327
-0.17011
-0.167326
-0.197782
-0.263273
-0.225609
-0.155057
-0.165487
-0.232234
-0.0593926
-0.246858
-0.103065
-0.214457
-0.400879
-0.225962
-0.185853
-0.124771
-0.102141
-0.290093
-0.331485
-0.318366
-0.241774
-0.122886
-0.250421
-0.432385
-0.579418
-0.509849
-0.566635
-0.695844
-0.597729
-0.78876
-0.786884
-0.791835
-0.707614
-0.583273
-0.731248
-0.659465
-0.743022
-0.718865
-0.640393
-0.524576
-0.369336
-0.417229
-0.401671
-0.514097
-0.325061
-0.291905
-0.135655
-0.0677182
0.0414844
0.187614
0.0864489
0.223724
0.0726437
0.0681852
0.176639
0.287128
0.121874
0.0269219
-0.0235797
0.155159
0.0485947
-0.0712841
0.0819071
-0.0542526
-0.204993
-0.190982
-0.303466
-0.462122
-0.577057
-0.604768
-0.801939
-0.956238
-0.788024
-0.951094
-0.961404
-0.872956
-1.02629
-1.00962
-0.949421
-0.921029
-0.875586
-1.06914
-1.19374
-0.99652
-0.806295
-0.663527
-0.492628
-0.567785
-0.57674
-0.513933
-0.689206
-0.788336
-0.652352
-0.611203
-0.512416
-0.399018
-0.453209
-0.340268
-0.455767
-0.613027
-0.470869
-0.344322
-0.308838
-0.134888
-0.133701
-0.0125065
0.177228
0.0665168
-0.0350333
-0.143079
-0.16321
-0.0676871
-0.122133
-0.182003
-0.0594361
0.0707773
0.0550028
0.106851
0.121593
0.0346226
0.0330225
-0.0122711
-0.00476216
-0.0236331
0.104565
-0.0773513
0.0617172
0.07903
0.174103
0.0260165
-0.16185
-0.299238
-0.144208
0.0348831
0.107541
-0.0919197
-0.104555
-0.143665
-0.0284331
0.111193
0.0365962
-0.129069
0.0583672
0.239824
0.22865
0.0358748
-0.0710409
0.118807
-0.046249
0.0400663
0.0394654
-0.127753
-0.0159128
-0.0521868
-0.130733
-0.108773
0.0125497
0.144136
-0.0171752
-0.198437
-0.196138
-0.157705
-0.0511694
-0.0358697
-0.141
-0.274463
-0.227176
-0.0568368
0.0206039
-0.0693768
-0.251749
-0.103432
-0.173535
-0.298863
-0.417782
-0.5885
-0.757155
-0.659942
-0.591743
-0.61905
-0.692135
-0.592581
-0.563032
-0.589452
-0.639174
-0.538086
-0.47114
-0.557744
-0.535362
-0.366049
-0.502882
-0.566531
-0.450407
-0.400873
-0.212331
-0.0650942
-0.122824
0.0381451
0.0501398
0.0357835
-0.083167
-0.245203
-0.422317
-0.413664
-0.447477
-0.53309
-0.475384
-0.422649
-0.586301
-0.523879
-0.395095
-0.435616
-0.579366
-0.419415
-0.312518
-0.283089
-0.398767
-0.3398
-0.144924
-0.31993
-0.260729
-0.0857432
-0.00924895
-0.208012
-0.168851
-0.23858
-0.0839752
0.0560978
0.101234
0.288562
0.31775
0.404043
0.347853
0.375522
0.540632
0.726787
0.621428
0.62356
0.53581
0.381071
0.275064
0.435884
0.526689
0.458364
0.506247
0.606696
0.754342
0.868243
0.804838
0.874717
0.941276
1.01832
0.911163
0.955268
0.763703
0.912937
0.851086
0.826154
0.878435
0.79611
0.705154
0.524706
0.708472
0.595759
0.560131
0.744782
0.66082
0.532091
0.611322
0.471965
0.421433
0.45258
0.581575
0.774167
0.779322
0.828165
0.824543
0.884454
1.06014
1.1155
1.16507
1.19381
1.26644
1.07694
0.879258
0.796394
0.965163
0.943582
1.11106
1.13216
1.18683
1.30065
1.25095
1.29881
1.46325
1.36032
1.4415
1.3446
1.16166
1.33641
1.34625
1.46319
1.43837
1.29265
1.19777
1.20026
1.21101
1.19072
1.06066
1.23366
1.17566
1.34443
1.40248
1.31446
1.16411
0.985124
1.09576
0.966328
1.00956
1.05842
0.890742
0.791995
0.776231
0.586569
0.57231
0.604658
0.582786
0.589654
0.521649
0.65369
0.490398
0.431801
0.3864
0.50294
0.363051
0.22086
0.104303
0.213617
0.410768
0.352301
0.170977
0.27619
0.472724
0.362539
0.375027
0.384635
0.50821
0.407243
0.593527
0.459524
0.464901
0.40042
0.417195
0.456418
0.604998
0.678415
0.805495
0.855478
0.751304
0.854512
0.712099
0.684396
0.718678
0.521034
0.649367
0.468129
0.269601
0.149835
-0.0163585
-0.124125
0.0398377
-0.0292251
-0.0830351
-0.126544
0.028674
-0.00147645
0.106455
-0.0828926
0.0465163
0.0120055
-0.0375785
-0.120568
-0.110261
-0.0886873
-0.0103108
0.118785
0.0754989
0.0186491
-0.130064
-0.0495405
0.0239982
-0.167342
-0.31266
-0.338803
-0.371628
-0.533478
-0.397989
-0.21535
-0.0895394
0.000998842
0.189923
0.283177
0.301085
0.329604
0.421221
0.279789
0.417895
0.488055
0.677817
0.668135
0.636683
0.59775
0.488237
0.344855
0.282654
0.130782
0.0899335
0.278455
0.385372
0.436885
0.540289
0.358935
0.530944
0.462903
0.395126
0.528381
0.547583
0.454041
0.28995
0.202659
0.205925
0.127432
0.277694
0.361004
0.454033
0.517065
0.512951
0.43149
0.5272
0.460513
0.460855
0.384275
0.579874
0.412018
0.290532
0.354413
0.538741
0.437159
0.423966
0.238718
0.200137
0.311048
0.348416
0.4615
0.537488
0.562399
0.746601
0.629625
0.712655
0.54215
0.36569
0.366528
0.244712
0.17499
0.332549
0.393673
0.356236
0.330008
0.136588
-0.0386049
0.100006
0.269987
0.325266
0.456419
0.529233
0.365731
0.395119
0.444157
0.297757
0.459658
0.612169
0.609805
0.468276
0.441505
0.380208
0.540675
0.621135
0.44856
0.275764
0.335233
0.511443
0.707344
0.579277
0.485957
0.610094
0.458269
0.39832
0.573468
0.567958
0.533369
0.465831
0.583654
0.512853
0.578939
0.678571
0.539929
0.401581
0.219853
0.297121
0.165851
0.154033
0.0475592
0.223138
0.408223
0.41501
0.326275
0.233805
0.16739
0.365149
0.462527
0.660314
0.483124
0.595808
0.716599
0.680286
0.728617
0.862523
0.698967
0.556706
0.454397
0.431162
0.274787
0.190488
0.0412779
-0.0499974
-0.074112
0.0141326
-0.160265
-0.103161
0.075238
-0.103213
-0.200913
-0.0652946
-0.0988334
-0.0804192
-0.183847
-0.299563
-0.450013
-0.290236
-0.273291
-0.116083
-0.012803
-0.00324213
0.0713903
0.235576
0.285676
0.121632
0.10302
0.0603791
0.18382
0.238704
0.0914702
0.288804
0.10171
-0.00532403
-0.128331
0.051554
0.133989
-0.00693883
-0.0776566
-0.117929
0.0163607
-0.0235997
0.118462
-0.0122939
0.182543
0.321383
0.513872
0.524339
0.424218
0.611478
0.564352
0.742188
0.606871
0.746086
0.563172
0.397476
0.366021
0.249875
0.261259
0.369305
0.545931
0.505282
0.53202
0.494162
0.367762
0.283328
0.373102
0.257833
0.278083
0.117844
-0.00244238
0.0908958
0.246407
0.143132
0.00408488
0.107638
0.108177
0.00201392
0.0335217
0.17875
0.232531
0.118158
0.0549118
0.102762
0.00371298
-0.0971263
-0.122659
-0.106682
-0.205894
-0.329952
-0.419765
-0.535351
-0.481716
-0.651983
-0.631156
-0.60699
-0.540327
-0.360549
-0.349787
-0.336371
-0.222044
-0.374151
-0.520982
-0.532944
-0.408024
-0.399211
-0.219802
-0.356491
-0.51759
-0.435081
-0.564212
-0.587086
-0.575556
-0.521794
-0.34744
-0.506994
-0.441122
-0.398985
-0.267958
-0.0741638
-0.0306069
0.164407
0.326956
0.37446
0.321333
0.201904
0.0090169
0.146965
0.32214
0.19603
0.378344
0.224409
0.29287
0.364029
0.297013
0.434782
0.436295
0.520068
0.705804
0.679014
0.713271
0.660063
0.573297
0.518256
0.413057
0.350439
0.317445
0.17009
0.321692
0.425693
0.405603
0.35636
0.456542
0.409169
0.520406
0.493104
0.677223
0.5259
0.4077
0.214857
0.068129
-0.0119604
-0.202324
-0.39561
-0.419948
-0.499148
-0.378537
-0.298557
-0.317113
-0.314645
-0.368459
-0.367346
-0.359699
-0.372203
-0.227446
-0.318259
-0.497369
-0.366815
-0.35414
-0.414127
-0.232191
-0.0976785
-0.13043
-0.0631896
0.125713
0.00133773
0.140977
0.22639
0.364343
0.206918
0.0224536
0.102975
0.0552391
-0.0438822
0.0569093
-0.0223854
-0.109886
0.0332313
-0.091748
0.00707206
0.184077
0.261918
0.431002
0.343274
0.164978
0.0271975
-0.0259339
-0.142741
-0.230623
-0.0540562
0.0553348
0.0173654
0.181525
0.219919
0.4069
0.414538
0.46682
0.516928
0.700533
0.768844
0.576928
0.491485
0.340525
0.225532
0.244968
0.239199
0.393002
0.580661
0.559247
0.565824
0.534186
0.604595
0.6153
0.580498
0.463346
0.341121
0.206774
0.0645525
-0.0597596
0.0660821
0.0593748
0.0330277
0.179966
0.242193
0.121226
0.0364645
-0.156691
-0.066863
0.0976948
0.154275
0.272434
0.174848
0.291564
0.391666
0.332479
0.480745
0.672788
0.717486
0.735858
0.671036
0.7933
0.952265
1.05816
1.10575
1.03136
1.02335
0.952066
0.929653
0.787924
0.770279
0.723575
0.818278
0.75779
0.877336
0.859935
0.715482
0.577525
0.724545
0.905059
0.885011
1.0529
1.14704
1.21227
1.23468
1.11751
1.05986
1.1175
1.25269
1.21276
1.16877
1.02097
1.04286
0.90909
0.824141
0.688729
0.630655
0.466751
0.455033
0.337561
0.271991
0.397733
0.299238
0.251272
0.204009
0.171083
0.155306
0.112041
-0.0022071
-0.0616713
-0.120394
-0.223184
-0.124
-0.0838921
-0.0649012
-0.0852282
-0.280497
-0.318607
-0.173532
-0.123641
-0.261597
-0.173014
-0.139245
0.0544061
0.236435
0.0456328
0.0203421
-0.140217
-0.150519
0.029375
0.162631
0.0268535
-0.0371897
-0.234355
-0.0722847
-0.0543102
-0.0148211
0.134443
0.317092
0.491102
0.377058
0.365718
0.232962
0.0745969
0.107776
0.0191704
0.171411
0.0124307
-0.16297
-0.0257502
0.168468
0.0412379
0.164172
0.0103567
-0.188226
-0.0560404
0.0698597
-0.0182909
0.00258471
0.0894259
-0.0922966
-0.00840337
0.189368
0.274548
0.203565
0.222533
0.284922
0.401715
0.356778
0.229898
0.2644
0.166375
0.0550283
0.119471
0.170893
0.182049
0.194433
0.138321
0.0566874
-0.0754426
0.0851608
0.0952416
0.0237293
0.0304121
-0.0017182
-0.136112
-0.211975
-0.0711449
0.118768
-0.0720831
0.0936581
0.225484
0.260055
0.157277
0.111247
0.267475
0.118285
0.274567
0.27361
0.297545
0.251707
0.118228
0.0141015
0.21369
0.30566
0.479603
0.47399
0.409986
0.270987
0.232717
0.0399167
0.160598
0.0130425
0.17602
0.157644
0.126587
-0.00637095
0.184298
0.179447
0.379353
0.352512
0.42007
0.401357
0.247734
0.135394
0.178848
-0.00287715
-0.0874803
0.00179133
-0.0554798
-0.197982
-0.337873
-0.339969
-0.154974
-0.160643
-0.178211
-0.320911
-0.136485
-0.178314
-0.28157
-0.159773
-0.0379397
-0.216043
-0.106776
0.0675208
-0.0775675
-0.187649
-0.164133
-0.154184
-0.341513
-0.199592
-0.316206
-0.15927
-0.154009
-0.264918
-0.0868862
-0.210292
-0.403936
-0.563721
-0.432405
-0.480202
-0.53754
-0.404893
-0.366472
-0.417777
-0.467864
-0.394556
-0.510696
-0.564642
-0.624559
-0.721036
-0.603182
-0.46177
-0.320215
-0.186875
-0.0747077
0.104346
0.127065
0.00804667
0.117424
0.240957
0.333741
0.454667
0.303394
0.258003
0.130772
0.0117785
0.0236801
0.193578
0.279174
0.0853814
-0.0573374
0.0091403
0.135654
0.0948672
0.008597
0.0971435
-0.049382
-0.0799396
0.00106186
-0.0848993
0.0478764
-0.00451636
-0.0519752
-0.0351469
-0.0947209
-0.0155562
-0.184167
0.00118416
-0.187092
-0.00390635
0.0221534
-0.00239264
0.0192197
0.0176817
-0.131939
-0.0756692
-0.0916977
0.0225739
0.212044
0.41067
0.456204
0.439272
0.406393
0.344132
0.509053
0.503121
0.52971
0.574454
0.69309
0.52066
0.512409
0.376873
0.177323
0.198652
0.273394
0.35331
0.251219
0.317227
0.365536
0.254658
0.205024
0.343356
0.27014
0.37301
0.365189
0.201789
0.0299651
0.0258631
-0.0299925
-0.0210828
0.10285
0.148226
-0.0382423
-0.0676122
-0.192224
-0.305465
-0.460521
-0.312191
-0.394038
-0.525473
-0.51071
-0.334738
-0.518426
-0.527563
-0.549773
-0.484733
-0.399109
-0.481547
-0.634117
-0.544162
-0.437545
-0.450633
-0.474867
-0.593512
-0.415671
-0.229312
-0.0301039
-0.0633343
-0.0179414
-0.145556
-0.0466957
0.0865382
-0.100724
-0.258934
-0.356276
-0.266405
-0.28933
-0.211474
-0.174953
-0.0672822
-0.209698
-0.246119
-0.208331
-0.157332
-0.0994684
-0.271143
-0.086687
-0.206968
-0.00870483
0.0460399
-0.0434594
-0.188854
-0.295336
-0.314621
-0.473111
-0.604805
-0.42882
-0.529239
-0.551589
-0.432289
-0.630591
-0.806498
-0.630541
-0.585739
-0.714008
-0.573755
-0.588865
-0.495594
-0.462251
-0.537378
-0.54934
-0.545237
-0.488688
-0.344819
-0.500045
-0.347244
-0.268934
-0.249959
-0.411116
-0.225622
-0.260849
-0.274192
-0.232458
-0.0797826
-0.0384296
-0.0898342
0.056601
0.170846
0.0941803
0.251519
0.375782
0.22056
0.110571
0.254566
0.352731
0.175783
0.0628724
0.232391
0.292696
0.465535
0.620735
0.622244
0.64339
0.473384
0.542485
0.643599
0.59855
0.521084
0.540859
0.707595
0.551453
0.699194
0.743587
0.721954
0.55704
0.680117
0.770223
0.625955
0.583879
0.397228
0.549214
0.472954
0.450953
0.324984
0.332173
0.510367
0.368575
0.321334
0.310844
0.250763
0.220678
0.386808
0.547824
0.492324
0.606831
0.731715
0.7838
0.635312
0.783777
0.885354
0.938714
0.892595
0.764521
0.823203
0.777657
0.753671
0.928851
1.05237
1.09052
1.24413
1.33203
1.51181
1.43911
1.30507
1.16787
1.12913
1.03156
1.04663
1.14115
1.26209
1.07415
1.25395
1.18234
1.21733
1.20772
1.20497
1.18181
1.34145
1.49604
1.3418
1.51314
1.68962
1.61757
1.70803
1.54618
1.59638
1.74056
1.90402
1.90125
1.75897
1.85804
1.89594
2.08079
2.18675
2.08611
1.96709
2.14025
2.32328
2.48542
2.35901
2.45963
2.51133
2.45256
2.55863
2.46911
2.46011
2.54968
2.61594
2.71198
2.91117
3.00355
2.87465
2.97255
2.95853
3.10903
2.91456
2.86372
2.69741
2.79369
2.62907
2.80458
2.77267
2.78338
2.77446
2.62965
2.6105
2.4397
2.2937
2.37892
2.49956
2.39837
2.45416
2.47985
2.4072
2.47947
2.4233
2.54531
2.4518
2.39512
2.25912
2.1827
2.27042
2.09447
2.2221
2.17817
2.03409
1.99003
2.03813
1.85686
1.69356
1.66696
1.67595
1.5911
1.73859
1.59494
1.67818
1.67532
1.70422
1.53146
1.45759
1.30352
1.16597
1.08968
0.992325
0.916433
1.04693
1.01119
1.04955
1.01949
1.12414
0.947769
0.847527
0.671908
0.495173
0.503627
0.434031
0.576153
0.743332
0.835782
0.68578
0.844792
0.798127
0.905147
0.868684
0.988751
1.06501
0.949517
1.14337
1.07981
1.10088
1.06417
0.88137
1.03443
1.14794
1.33303
1.50018
1.30261
1.21735
1.29299
1.49058
1.40797
1.2619
1.34343
1.21252
1.33437
1.41443
1.28212
1.43976
1.28012
1.33943
1.4779
1.60598
1.42115
1.23556
1.31459
1.23772
1.42312
1.42463
1.48582
1.37606
1.24726
1.18654
1.01965
0.900117
1.0371
1.15543
1.06295
0.993196
0.979403
1.12906
0.98487
1.10987
1.00634
1.18204
1.20503
1.10965
1.18155
1.36223
1.17887
1.12973
1.3194
1.40089
1.46537
1.39871
1.31964
1.15735
1.3445
1.35135
1.33986
1.52973
1.47799
1.43336
1.28487
1.11371
1.22519
1.40891
1.37438
1.35865
1.47676
1.36517
1.33373
1.48998
1.62669
1.5417
1.53129
1.43244
1.32762
1.50761
1.39285
1.23332
1.3457
1.49753
1.52675
1.57276
1.38731
1.33037
1.30294
1.27959
1.18978
1.09925
1.01047
0.941487
1.01787
1.09636
1.27695
1.37652
1.26896
1.26015
1.33747
1.35196
1.1771
0.994748
1.10286
1.00698
1.07604
0.91893
0.757722
0.744931
0.773838
0.581318
0.586768
0.71773
0.911665
0.881229
0.697468
0.556267
0.363878
0.303006
0.364941
0.468035
0.604706
0.801052
0.743017
0.728144
0.717452
0.729651
0.739345
0.738912
0.856471
0.753952
0.736888
0.775495
0.765899
0.659942
0.720788
0.865574
1.05933
1.09444
1.08704
1.11013
1.0464
1.24579
1.38734
1.35974
1.21552
1.15899
1.32723
1.18289
1.15475
1.1205
0.958034
0.766637
0.65384
0.598767
0.496566
0.379685
0.242213
0.193122
0.12317
0.196409
0.150786
0.0732499
-0.084964
-0.162384
-0.256916
-0.15456
0.0339039
0.0962577
0.14209
0.213022
0.178231
0.179315
0.0881728
0.0384207
0.0523682
0.215802
0.269881
0.447224
0.472737
0.578445
0.706929
0.529064
0.423697
0.280905
0.159776
0.106542
-0.0798822
-0.118932
-0.152719
-0.10326
-0.0630397
0.127912
0.175167
0.320054
0.454801
0.514707
0.474649
0.355789
0.234692
0.128858
-0.025236
-0.089799
-0.19873
-0.0498573
-0.199942
-0.0263988
0.0151492
0.0980359
0.24258
0.325597
0.151695
0.052228
0.212495
0.180748
0.219521
0.13928
0.161287
0.0994995
0.281622
0.404003
0.301994
0.241003
0.19985
0.0888846
0.0508623
0.148867
0.135322
0.0114582
-0.169646
-0.102247
-0.0169581
0.0874527
0.246669
0.438671
0.461889
0.661218
0.820683
1.01735
0.819336
0.704879
0.808696
0.660384
0.567082
0.717296
0.634424
0.459653
0.462586
0.542429
0.367757
0.409667
0.525824
0.460354
0.455917
0.551664
0.74661
0.71892
0.577314
0.392456
0.400436
0.469837
0.467675
0.522374
0.700426
0.609319
0.560615
0.564385
0.68426
0.826353
0.679564
0.78408
0.739864
0.60376
0.439275
0.285091
0.0944393
0.207099
0.339086
0.471547
0.588072
0.418019
0.347508
0.16268
0.00648219
0.00592209
0.0357657
-0.0533108
-0.11634
-0.185072
-0.182912
-0.380633
-0.309785
-0.272351
-0.300554
-0.206389
-0.403827
-0.357974
-0.490561
-0.42853
-0.551905
-0.705401
-0.559285
-0.488908
-0.408983
-0.471652
-0.440133
-0.448271
-0.514069
-0.386461
-0.420384
-0.305188
-0.474518
-0.459244
-0.416514
-0.424437
-0.449888
-0.255055
-0.448178
-0.577547
-0.421603
-0.403265
-0.302529
-0.250414
-0.429443
-0.500046
-0.492027
-0.328065
-0.43856
-0.255121
-0.0970573
-0.160303
-0.155198
-0.000527248
0.0454046
0.19241
0.00964887
-0.0791118
-0.230957
-0.2928
-0.238299
-0.204468
-0.0703866
0.0353079
0.175916
0.174711
0.119985
0.0816371
0.0156576
-0.0341858
-0.107631
-0.0524383
-0.14803
-0.0179512
0.149827
0.0245363
-0.169752
-0.0331199
0.163658
0.294489
0.220981
0.372533
0.181375
0.00431106
0.122495
0.22644
0.25307
0.302876
0.3141
0.361003
0.238618
0.395572
0.284055
0.11053
0.259073
0.168984
0.13808
0.020654
0.000809827
0.12767
0.241396
0.432959
0.361865
0.355949
0.516165
0.700733
0.873727
0.936618
0.896096
0.834545
0.701876
0.688778
0.764926
0.652479
0.640194
0.651981
0.780459
0.851319
0.806509
0.609855
0.533351
0.419659
0.262058
0.0984672
0.208844
0.019437
-0.146898
-0.0359051
0.0143712
0.159017
-0.00350436
0.10471
0.194674
0.39343
0.214691
0.17638
0.244627
0.124509
0.142727
0.184322
0.177571
0.346269
0.339327
0.42342
0.477529
0.277565
0.113533
0.153257
0.166311
0.262562
0.356681
0.42118
0.518029
0.441359
0.317715
0.189085
0.17928
0.0333351
0.0699833
0.120901
0.0598671
-0.0415273
0.0459013
-0.01235
0.153212
0.042907
-0.15002
-0.244447
-0.230915
-0.188076
-0.163682
-0.277783
-0.238345
-0.353196
-0.227324
-0.38915
-0.304257
-0.443057
-0.258241
-0.346198
-0.192983
-0.372832
-0.52559
-0.552358
-0.38492
-0.452758
-0.640537
-0.682588
-0.881859
-0.746081
-0.747666
-0.649552
-0.735239
-0.800005
-0.875207
-0.856262
-0.780236
-0.879856
-0.78182
-0.70667
-0.832071
-0.80345
-0.764133
-0.710275
-0.725286
-0.753616
-0.754772
-0.678999
-0.687953
-0.502693
-0.59313
-0.614529
-0.612291
-0.639324
-0.765566
-0.656833
-0.54748
-0.608481
-0.725399
-0.792569
-0.83858
-0.96876
-1.0877
-0.965779
-0.974087
-0.799615
-0.779701
-0.647535
-0.732214
-0.697943
-0.513943
-0.640651
-0.590259
-0.785335
-0.883435
-0.801865
-0.618722
-0.536847
-0.374263
-0.254342
-0.272746
-0.0772581
-0.020298
0.00284246
0.156647
0.168362
0.274227
0.243905
0.400912
0.373869
0.227425
0.216409
0.257919
0.105159
0.062228
-0.0397057
0.139689
0.0216936
0.0428273
-0.133299
-0.0437994
0.0262409
0.13598
0.0212046
0.139407
0.238381
0.108795
0.274356
0.130787
0.120359
0.235571
0.385932
0.446531
0.429228
0.447212
0.305422
0.473497
0.369655
0.255444
0.288732
0.457224
0.430154
0.574369
0.57234
0.546614
0.458791
0.380164
0.335051
0.172782
0.257537
0.206751
0.394265
0.443081
0.503945
0.610296
0.530242
0.59362
0.537698
0.467387
0.392407
0.259799
0.353602
0.342983
0.287294
0.460454
0.443326
0.303921
0.305499
0.353498
0.430033
0.50933
0.445062
0.394227
0.569854
0.592666
0.757063
0.873946
0.712918
0.781806
0.719944
0.610373
0.771166
0.85927
0.994549
0.846257
0.859935
0.821088
0.936607
0.765189
0.712703
0.65269
0.598012
0.438771
0.355438
0.250197
0.0867185
-0.0815997
0.0453558
-0.0426533
-0.0655901
0.018793
0.0732242
0.0796613
0.244438
0.183523
0.238103
0.408743
0.478974
0.486086
0.421522
0.333131
0.192121
0.178201
0.0182471
-0.0448526
-0.0655527
0.104327
0.273711
0.117969
0.0692645
-0.104203
-0.22092
-0.0620906
0.0751823
0.134079
-0.0017682
0.0481104
-0.0224438
-0.018055
0.0977969
-0.03108
-0.0876914
-0.284303
-0.223451
-0.266423
-0.421093
-0.372267
-0.404153
-0.509355
-0.452229
-0.324824
-0.519049
-0.375885
-0.288539
-0.330241
-0.500425
-0.46515
-0.431874
-0.304722
-0.421188
-0.465445
-0.608743
-0.673831
-0.86585
-0.717378
-0.824954
-0.777414
-0.900611
-0.894934
-0.76837
-0.783648
-0.930361
-1.03012
-1.16343
-1.31469
-1.49495
-1.61594
-1.54825
-1.45294
-1.47432
-1.33528
-1.44342
-1.61666
-1.42758
-1.4765
-1.40475
-1.37009
-1.51402
-1.68946
-1.62144
-1.50971
-1.45755
-1.30245
-1.18597
-1.10683
-1.21973
-1.04786
-1.14036
-1.19054
-1.2466
-1.20074
-1.29449
-1.24765
-1.27922
-1.18742
-1.26727
-1.34641
-1.47994
-1.41571
-1.59536
-1.57954
-1.4078
-1.44785
-1.37437
-1.36704
-1.20941
-1.01745
-1.09245
-1.20169
-1.10988
-1.08231
-1.15363
-1.27411
-1.30598
-1.29332
-1.19792
-1.3922
-1.20336
-1.13449
-1.00223
-0.846133
-0.712988
-0.904787
-1.06108
-0.919676
-0.950939
-0.772935
-0.838061
-0.730473
-0.828883
-0.816594
-0.697932
-0.703185
-0.756774
-0.7381
-0.877525
-0.823756
-0.801229
-0.978482
-1.12091
-0.970501
-0.855066
-1.04187
-0.97372
-1.0687
-0.9023
-0.842591
-0.869629
-0.693178
-0.846317
-0.91261
-0.813022
-0.668402
-0.782365
-0.826418
-0.702325
-0.545848
-0.490078
-0.613168
-0.58946
-0.677828
-0.853708
-0.73037
-0.535548
-0.432501
-0.626452
-0.650288
-0.791884
-0.974666
-0.794394
-0.68599
-0.866669
-1.0561
-1.23185
-1.08015
-1.06897
-0.919188
-1.03952
-1.06921
-1.09749
-1.04594
-1.05953
-1.04091
-1.05246
-1.07935
-0.935431
-0.946237
-1.0899
-0.987128
-1.05949
-1.0715
-0.933245
-0.879629
-0.873602
-0.959091
-1.04426
-1.07904
-1.07568
-0.93602
-1.05475
-1.04161
-0.947874
-1.10103
-1.11974
-0.963461
-0.846056
-0.845798
-0.803826
-0.865221
-0.737496
-0.677811
-0.758759
-0.711451
-0.828053
-0.705763
-0.514797
-0.466756
-0.604259
-0.420425
-0.610649
-0.442816
-0.485263
-0.614236
-0.800136
-0.6284
-0.669304
-0.751236
-0.562324
-0.423109
-0.539289
-0.616873
-0.712281
-0.644556
-0.810353
-0.980854
-0.826375
-0.798703
-0.63995
-0.545638
-0.590262
-0.501985
-0.317265
-0.157438
-0.137868
-0.201485
-0.143186
-0.120598
0.0620929
-0.00442969
0.0692314
-0.0868558
-0.0619736
0.075118
0.122072
0.319471
0.517639
0.480111
0.554124
0.584714
0.657628
0.778131
0.861287
0.78025
0.803804
0.735408
0.651802
0.638106
0.826802
0.835828
0.754922
0.672843
0.528879
0.434316
0.310591
0.497269
0.348775
0.30382
0.26704
0.286242
0.396989
0.479266
0.37778
0.192722
0.134165
-0.0582119
-0.102895
-0.256026
-0.0634491
0.0480697
0.23899
0.374475
0.511878
0.646365
0.458221
0.412623
0.579226
0.509182
0.544549
0.605725
0.586462
0.452786
0.608148
0.492377
0.409328
0.402949
0.374137
0.534511
0.435183
0.422584
0.491912
0.403851
0.259073
0.308839
0.120416
0.313553
0.421075
0.487979
0.600427
0.533502
0.433466
0.388268
0.408164
0.448417
0.467833
0.410693
0.348892
0.417085
0.307214
0.419386
0.326857
0.453294
0.293916
0.103033
0.0765509
0.121853
-0.0320915
-0.185045
-0.162699
-0.117165
0.0624537
0.0982219
0.0332661
-0.0942977
-0.0432391
-0.05471
-0.0376714
0.0293429
-0.0206189
-0.201311
-0.120639
-0.288286
-0.108917
0.0861731
0.083475
0.0212014
-0.0226356
0.0238756
-0.147178
-0.283829
-0.404845
-0.480368
-0.49638
-0.504247
-0.442245
-0.397544
-0.23946
-0.1328
-0.0575366
-0.0809808
-0.0634246
-0.0851585
-0.267378
-0.415053
-0.375997
-0.564304
-0.46877
-0.50702
-0.51034
-0.644153
-0.538275
-0.728326
-0.623534
-0.588251
-0.461273
-0.287987
-0.405618
-0.400572
-0.548687
-0.572504
-0.569967
-0.419545
-0.293152
-0.2942
-0.434575
-0.552895
-0.376405
-0.228784
-0.244
-0.133694
-0.149002
-0.110746
-0.210258
-0.25663
-0.232435
-0.332695
-0.490258
-0.305789
-0.468491
-0.368991
-0.386235
-0.310365
-0.492547
-0.305629
-0.486982
-0.372335
-0.464509
-0.382665
-0.470352
-0.329919
-0.29459
-0.257629
-0.0940486
-0.090383
-0.121027
-0.296804
-0.149552
-0.250651
-0.382338
-0.195651
-0.180316
-0.293139
-0.415771
-0.42324
-0.429103
-0.533962
-0.548462
-0.706588
-0.697383
-0.894798
-0.935186
-0.973339
-1.09732
-1.00991
-0.927193
-1.03892
-0.929148
-0.827334
-0.92761
-0.811837
-0.994439
-1.03695
-1.17765
-1.2781
-1.14499
-1.28663
-1.1358
-0.99657
-1.12524
-1.00712
-1.05223
-0.943857
-0.759957
-0.648918
-0.612061
-0.42812
-0.624994
-0.533283
-0.383182
-0.262005
-0.216986
-0.227209
-0.164339
-0.261891
-0.387805
-0.565221
-0.640469
-0.49205
-0.323875
-0.283394
-0.343276
-0.3414
-0.46362
-0.333201
-0.278544
-0.389865
-0.227944
-0.0850973
-0.235908
-0.410883
-0.23373
-0.125634
-0.0542143
0.043389
0.206742
0.193748
0.312529
0.129245
0.112197
0.252643
0.124202
0.0558259
-0.121732
-0.14067
-0.0901088
-0.142955
0.0512414
-0.119014
-0.210918
-0.293441
-0.136435
-0.32703
-0.407067
-0.588169
-0.627879
-0.456645
-0.507567
-0.555302
-0.553994
-0.459694
-0.304956
-0.46097
-0.567297
-0.611844
-0.689427
-0.868271
-0.832425
-0.926959
-0.844986
-0.992335
-0.883215
-0.889953
-0.751578
-0.757647
-0.822417
-0.664468
-0.628414
-0.430755
-0.505666
-0.573074
-0.481893
-0.39625
-0.245669
-0.340635
-0.191509
-0.109148
-0.0874267
0.078986
0.107265
-0.0784902
-0.0448067
0.105935
0.242529
0.179558
0.137994
0.147984
0.272605
0.230413
0.344848
0.176835
0.0986574
0.138595
0.245199
0.304483
0.198241
0.0598009
0.123103
0.0839908
-0.0687574
-0.0137974
0.0611432
-0.0279087
0.0171627
0.103787
0.101903
0.272525
0.314351
0.373612
0.485322
0.397192
0.394738
0.43692
0.619342
0.481604
0.62703
0.577638
0.733779
0.896397
0.970597
0.847009
0.799576
0.771128
0.826372
0.635524
0.652422
0.616561
0.460714
0.61857
0.681697
0.824427
0.677916
0.733732
0.611919
0.588425
0.404174
0.463554
0.618299
0.685219
0.745869
0.932286
0.856149
0.839729
0.824052
1.00933
1.00331
0.911086
0.734819
0.770455
0.868207
0.943951
0.885589
0.947293
0.860585
0.88613
0.96906
0.989557
1.0679
1.18982
1.19253
1.20988
1.19657
1.37075
1.43725
1.36061
1.19537
1.09752
1.2369
1.26841
1.13093
1.32101
1.34331
1.35332
1.19248
1.20252
1.30592
1.28055
1.32961
1.13896
1.03927
0.917848
0.719355
0.651045
0.642478
0.808266
0.81446
0.988937
0.851551
0.959669
0.880412
0.823515
0.942025
0.976676
1.0879
1.18911
1.04792
0.899081
0.972318
1.03944
1.21492
1.16631
1.20111
1.20467
1.24662
1.17239
0.997579
1.07116
0.9865
0.903991
0.709341
0.709456
0.900715
1.0928
1.07266
0.950168
0.778472
0.973213
1.08465
1.00565
0.820395
0.755591
0.938094
0.856648
1.04928
1.04441
0.998433
0.869242
1.0635
1.1335
1.285
1.22576
1.42476
1.47921
1.53199
1.66231
1.80826
1.96515
1.82992
1.84297
1.73505
1.71927
1.69843
1.62168
1.82035
1.81699
1.87325
1.71273
1.60131
1.54823
1.56224
1.45745
1.3067
1.14673
1.11928
1.07016
0.952036
1.04283
0.920841
0.791011
0.827745
0.775977
0.972503
1.10944
0.988145
1.09233
1.27713
1.26914
1.21425
1.34987
1.25919
1.27642
1.19634
1.12699
1.29645
1.31431
1.12112
1.07385
0.912368
0.899268
1.08343
0.931998
0.862614
0.899578
0.777656
0.654911
0.652152
0.517785
0.451949
0.514094
0.522646
0.459637
0.586409
0.66361
0.682711
0.645635
0.585499
0.439201
0.596279
0.655051
0.753364
0.618273
0.813799
0.990782
0.919485
0.991012
0.830184
0.665257
0.545011
0.457651
0.653963
0.620968
0.610533
0.548689
0.585606
0.775653
0.716675
0.906827
0.784001
0.978274
1.1095
1.1734
1.19934
1.30804
1.18228
1.12033
1.08782
1.27918
1.15123
1.09104
1.00833
1.12335
1.27319
1.44651
1.4503
1.3065
1.36467
1.44513
1.54256
1.58274
1.44581
1.61527
1.74861
1.92745
1.94927
2.04969
2.09126
2.17293
2.01761
1.8914
1.93859
1.81023
1.90285
1.7108
1.52648
1.41422
1.46007
1.57287
1.46668
1.34848
1.18975
1.13778
1.29705
1.48112
1.65398
1.8185
1.86269
1.8537
1.75018
1.68828
1.55589
1.71594
1.71302
1.62402
1.75675
1.56397
1.54923
1.45089
1.38274
1.43483
1.51041
1.52278
1.6047
1.69828
1.57166
1.56184
1.59896
1.75669
1.81237
1.84376
1.91918
2.02098
1.94727
1.87883
1.85448
2.0281
1.97562
2.08206
1.90365
1.80083
1.77141
1.68457
1.67376
1.65392
1.78308
1.71669
1.82989
1.66903
1.6784
1.74397
1.59022
1.75108
1.59782
1.42112
1.39186
1.51238
1.34811
1.44462
1.56238
1.5067
1.6843
1.67942
1.52778
1.72001
1.73076
1.58663
1.40895
1.59198
1.70339
1.73645
1.67159
1.74446
1.72342
1.685
1.81861
1.65099
1.59811
1.67376
1.73489
1.60051
1.59082
1.77363
1.58894
1.70784
1.87218
1.69268
1.57793
1.44412
1.64054
1.78684
1.59081
1.44239
1.43703
1.55646
1.75011
1.65283
1.58441
1.68523
1.6728
1.718
1.62166
1.44598
1.40499
1.4727
1.37309
1.20186
1.18387
1.36956
1.36196
1.47849
1.35481
1.30985
1.39039
1.32492
1.4133
1.2713
1.1208
1.0671
1.00272
1.09003
1.23614
1.43096
1.33657
1.41915
1.24846
1.07318
0.885355
0.877387
0.814513
0.78574
0.880272
0.794737
0.899301
0.883166
0.799846
0.813712
1.00493
1.07667
1.27231
1.27816
1.36382
1.274
1.20506
1.03962
0.984055
1.09274
1.04238
1.01378
1.13518
1.25021
1.07319
0.886767
1.02516
1.09201
1.21826
1.15314
1.17588
1.09545
1.1164
1.10183
1.19394
1.20157
1.29805
1.2458
1.1664
1.34408
1.31344
1.3375
1.29858
1.47772
1.32865
1.17107
1.30359
1.19019
1.20106
1.1839
1.24232
1.16078
1.10055
1.17297
1.02987
1.13664
1.32956
1.36224
1.50312
1.55018
1.3715
1.3436
1.31963
1.43425
1.35323
1.3053
1.5039
1.31853
1.21485
1.19414
1.31275
1.24611
1.34679
1.22901
1.35216
1.30097
1.10982
1.09289
0.89478
1.02142
0.867686
0.691241
0.632568
0.615139
0.625658
0.478427
0.339258
0.320481
0.194039
0.229404
0.0499759
0.0541228
-0.0467018
-0.190509
-0.279413
-0.190227
-0.173679
-0.266103
-0.314302
-0.330804
-0.137088
-0.285061
-0.469164
-0.493226
-0.323523
-0.274246
-0.42892
-0.546691
-0.368721
-0.1895
-0.232884
-0.19419
-0.216589
-0.0880178
0.0560458
-0.00285025
-0.0702036
-0.00683916
-0.00413712
-0.192967
-0.353464
-0.50429
-0.636156
-0.581618
-0.401639
-0.220925
-0.135814
-0.220543
-0.0739895
-0.20052
-0.371649
-0.358872
-0.481349
-0.371648
-0.22992
-0.140357
-0.200931
-0.062681
0.0624698
0.25161
0.259081
0.383022
0.213842
0.345007
0.406857
0.314407
0.127751
0.112619
0.101725
-0.0668089
-0.153499
-0.112486
-0.0886249
-0.0886184
-0.276683
-0.0968744
-0.220497
-0.290678
-0.294637
-0.453002
-0.28761
-0.231871
-0.0494503
-0.0504738
0.0441334
-0.117008
-0.052613
-0.0754598
-0.239893
-0.229314
-0.342252
-0.200898
-0.370017
-0.385833
-0.371606
-0.341342
-0.50656
-0.322082
-0.433762
-0.254733
-0.435808
-0.249303
-0.337043
-0.458833
-0.363497
-0.512017
-0.612256
-0.715614
-0.886278
-0.812016
-0.95285
-0.832045
-0.637294
-0.72153
-0.760326
-0.784757
-0.738997
-0.673133
-0.646437
-0.476674
-0.591733
-0.736576
-0.830659
-0.723622
-0.69919
-0.623342
-0.690702
-0.632721
-0.465516
-0.538596
-0.42767
-0.261064
-0.443357
-0.383082
-0.465519
-0.660476
-0.613369
-0.76609
-0.677918
-0.586533
-0.712369
-0.763781
-0.895501
-0.814725
-0.833781
-0.668265
-0.744471
-0.568889
-0.640745
-0.715602
-0.660515
-0.703339
-0.592391
-0.526739
-0.332825
-0.23321
-0.228464
-0.271718
-0.453018
-0.469577
-0.371979
-0.436973
-0.369802
-0.188505
-0.143783
-0.195178
-0.360854
-0.202391
-0.0253643
-0.047778
0.00659574
-0.175103
-0.354146
-0.347879
-0.481155
-0.432469
-0.525558
-0.507162
-0.569937
-0.59226
-0.534913
-0.525779
-0.343599
-0.414675
-0.540195
-0.678947
-0.636553
-0.738679
-0.595306
-0.710183
-0.669531
-0.817005
-0.95965
-1.15652
-1.18164
-1.10685
-1.00587
-1.05665
-1.18312
-1.03002
-1.05578
-0.942386
-0.873067
-1.02518
-0.894534
-0.719269
-0.851977
-0.769356
-0.962799
-1.05954
-1.24737
-1.32914
-1.47007
-1.64198
-1.73987
-1.73765
-1.85641
-1.74434
-1.6228
-1.52989
-1.56668
-1.54987
-1.42079
-1.34743
-1.32371
-1.27431
-1.31811
-1.21032
-1.24321
-1.4077
-1.49513
-1.60298
-1.56889
-1.43229
-1.50431
-1.36998
-1.54226
-1.50561
-1.56147
-1.72808
-1.66782
-1.64942
-1.79129
-1.82213
-1.87759
-1.73585
-1.56425
-1.69891
-1.50518
-1.48597
-1.29655
-1.40051
-1.27268
-1.45741
-1.43898
-1.43541
-1.42429
-1.33857
-1.24741
-1.17244
-1.10991
-1.09444
-0.910919
-1.08938
-1.13964
-1.15109
-1.1508
-0.990177
-0.913277
-0.839731
-0.676744
-0.687811
-0.648803
-0.634622
-0.802499
-0.804173
-0.668066
-0.640098
-0.513584
-0.404514
-0.383099
-0.347586
-0.264455
-0.342999
-0.150188
-0.0684992
-0.163849
-0.359158
-0.47301
-0.39862
-0.537215
-0.600434
-0.628276
-0.656786
-0.478834
-0.524569
-0.439976
-0.532389
-0.530687
-0.582478
-0.75956
-0.649082
-0.759046
-0.821112
-0.968403
-1.04506
-1.09625
-1.06309
-0.904682
-0.809782
-0.738167
-0.67605
-0.543832
-0.46029
-0.364861
-0.528996
-0.451622
-0.528042
-0.474534
-0.455987
-0.338658
-0.201061
-0.280284
-0.101984
0.0110944
-0.112637
-0.106028
-0.162459
-0.0327289
0.116272
0.104154
0.122436
0.168542
0.00637883
0.0868197
-0.0131033
-0.0400081
-0.0962711
-0.0484029
-0.00925859
0.149201
0.223029
0.12847
0.306611
0.438557
0.52824
0.653222
0.725161
0.790082
0.882711
0.865858
0.940571
0.920411
0.989354
1.07534
0.936384
1.02367
1.18255
1.05519
1.19834
1.29238
1.43662
1.31592
1.31766
1.2143
1.13885
1.02002
1.09846
1.1236
1.04066
1.06841
1.2382
1.1652
1.0112
0.812396
0.636398
0.543015
0.408069
0.43292
0.330448
0.360085
0.350466
0.328667
0.179174
0.127465
0.171956
0.252273
0.433374
0.280124
0.359554
0.514954
0.448229
0.541917
0.55824
0.472731
0.55311
0.687854
0.544626
0.440181
0.31829
0.321255
0.436849
0.601194
0.57576
0.540597
0.52977
0.485179
0.557714
0.608025
0.448719
0.45354
0.336354
0.492385
0.395744
0.273119
0.334695
0.408879
0.391691
0.285696
0.372162
0.348771
0.434135
0.534813
0.499344
0.66879
0.671394
0.662192
0.505987
0.389692
0.388534
0.219614
0.346746
0.507523
0.331083
0.220129
0.144491
0.0653669
-0.0796811
-0.185061
-0.00873293
0.0020968
-0.127359
-0.30329
-0.392232
-0.522907
-0.4954
-0.610826
-0.477369
-0.563239
-0.401647
-0.554654
-0.613586
-0.660248
-0.813601
-0.768683
-0.853951
-0.913289
-0.765279
-0.76381
-0.58722
-0.404453
-0.304498
-0.182299
-0.162062
-0.315539
-0.241626
-0.14643
-0.218099
-0.375018
-0.507696
-0.352505
-0.241973
-0.0625323
-0.245709
-0.194413
-0.331943
-0.372283
-0.546786
-0.481349
-0.285415
-0.326547
-0.187936
-0.179773
-0.194108
-0.124584
0.0332921
0.0465231
0.14163
0.065325
-0.0316346
0.0250415
0.197683
0.0106589
-0.0495049
-0.176984
-0.11454
0.0792801
0.100323
0.203345
0.215803
0.0541912
-0.0528498
-0.09818
-0.225374
-0.169131
-0.0301756
0.125622
0.0985472
-0.0178366
-0.0654725
0.00646212
-0.18348
-0.116071
-0.170072
-0.00240376
-0.00110809
0.133413
0.0378546
0.132067
0.158292
0.058826
0.243186
0.0972164
0.150223
0.0716649
0.203024
0.162694
0.25395
0.108321
-0.0193648
-0.11291
-0.144259
-0.0394276
-0.188191
-0.0819223
-0.0207299
-0.0178429
0.0990699
-0.0812607
-0.0582466
-0.171798
-0.193011
-0.372181
-0.236304
-0.0792995
-0.248646
-0.186018
-0.344979
-0.170085
-0.225063
-0.133436
-0.266106
-0.24064
-0.397664
-0.245812
-0.158197
-0.177752
-0.355295
-0.380421
-0.306473
-0.255143
-0.390797
-0.422243
-0.605805
-0.551192
-0.480552
-0.557538
-0.643223
-0.522075
-0.653695
-0.573989
-0.723145
-0.7001
-0.717074
-0.581537
-0.401227
-0.380007
-0.56272
-0.431699
-0.540769
-0.378779
-0.246683
-0.134445
-0.192837
-0.143594
0.0108454
-0.0463689
0.151023
0.160675
0.190022
0.255404
0.249049
0.0596085
0.0520904
0.184767
0.211716
0.114294
0.024563
0.0975928
0.159225
0.152156
-0.0353219
-0.140835
-0.239249
-0.134126
-0.167549
0.0320373
0.0902433
0.141642
0.291328
0.196331
0.227769
0.322535
0.274247
0.266159
0.313476
0.353225
0.241398
0.329526
0.2412
0.373275
0.46298
0.339731
0.237098
0.264426
0.235922
0.190189
0.168387
0.104887
0.271908
0.231402
0.110557
-0.0563679
-0.02895
-0.100675
0.0678912
0.113644
0.092159
0.0809315
0.0966011
0.0506123
-0.0274162
0.147717
0.224142
0.195613
0.11677
0.0185789
0.183817
0.237446
0.368576
0.483897
0.466856
0.32139
0.187931
0.140469
0.0144431
0.210461
0.115764
0.0857763
0.14337
-0.040032
-0.211325
-0.401972
-0.403411
-0.590927
-0.706836
-0.902847
-1.08864
-1.23474
-1.06952
-1.26436
-1.23724
-1.1869
-0.999619
-0.836056
-0.983251
-1.13685
-1.32096
-1.18074
-1.18513
-1.16422
-1.09783
-1.23833
-1.2256
-1.27952
-1.22381
-1.04942
-0.899471
-0.72813
-0.556889
-0.394231
-0.527636
-0.445908
-0.281197
-0.0913624
0.0423813
0.162087
0.036334
0.172158
0.0907316
0.257074
0.0632997
-0.0712504
-0.179895
-0.277273
-0.262994
-0.366792
-0.18985
-0.183742
-0.103793
-0.00642451
-0.110212
0.0476566
0.20028
0.357157
0.468674
0.305313
0.489481
0.520505
0.711584
0.689877
0.682556
0.67023
0.846887
0.930577
1.0544
0.995433
0.985484
0.910592
0.9104
0.846929
0.782221
0.855373
0.94418
0.753297
0.621212
0.669263
0.689809
0.821853
1.00347
0.982971
0.870664
0.732502
0.680085
0.56472
0.716483
0.702765
0.674997
0.759386
0.768437
0.660282
0.581371
0.629892
0.537376
0.690626
0.827399
0.676803
0.544158
0.595025
0.702492
0.796814
0.767929
0.811843
0.875733
0.871156
1.06524
1.0333
1.16089
1.35189
1.15726
1.09592
1.29035
1.13043
1.0728
1.12646
1.11163
1.12326
0.967386
0.848671
0.801962
0.647905
0.840363
0.972789
0.863872
1.04441
1.09966
1.0258
0.94795
0.839205
0.958487
0.761311
0.738288
0.599512
0.500144
0.407188
0.254725
0.10364
0.0213362
-0.146626
-0.119969
-0.153868
-0.193795
-0.0857069
-0.139251
-0.312249
-0.257432
-0.421827
-0.58498
-0.713744
-0.617494
-0.54934
-0.70983
-0.556823
-0.503388
-0.605229
-0.568868
-0.578754
-0.396335
-0.440805
-0.248125
-0.195325
-0.171171
-0.136827
-0.063857
-0.0327039
-0.0455585
-0.126549
0.0436742
-0.0401619
-0.00730399
-0.20334
-0.354196
-0.27719
-0.200174
-0.352333
-0.30747
-0.388614
-0.299698
-0.493016
-0.431732
-0.277235
-0.367409
-0.351454
-0.266803
-0.317696
-0.382271
-0.255125
-0.2647
-0.27924
-0.120571
-0.179562
-0.329493
-0.486622
-0.326691
-0.457117
-0.638242
-0.743159
-0.670693
-0.549343
-0.382889
-0.264596
-0.331926
-0.132702
0.0258872
0.0142233
0.202074
0.324458
0.386072
0.531561
0.331931
0.142038
-0.00622518
-0.0867832
-0.249793
-0.0658506
0.0422453
-0.145713
-0.0411252
0.0724166
-0.019648
0.00803464
-0.191287
-0.282908
-0.243306
-0.0786892
0.115451
0.311156
0.387939
0.260762
0.433929
0.31255
0.496302
0.51929
0.418523
0.365172
0.446142
0.484854
0.368678
0.466654
0.496381
0.541432
0.6419
0.626441
0.438292
0.483691
0.484168
0.395248
0.301859
0.290333
0.138628
0.109302
-0.0849484
0.0834275
0.242205
0.358409
0.464794
0.475334
0.382809
0.549628
0.532456
0.50429
0.457096
0.492691
0.539926
0.680995
0.845613
0.989793
1.0125
0.976382
1.06562
0.948615
0.912531
1.06938
0.989178
0.794761
0.678499
0.87256
0.785126
0.86866
0.911603
1.02649
1.001
1.08744
1.14513
0.953202
1.11683
1.05291
0.917524
0.924194
0.793718
0.619875
0.734682
0.840625
1.03271
1.21908
1.19149
1.25817
1.0724
1.22907
1.34979
1.22046
1.25704
1.0987
1.017
1.04582
0.985818
0.890635
0.756816
0.620699
0.573038
0.521022
0.600804
0.609734
0.68956
0.517015
0.557424
0.706997
0.874518
0.969346
0.802211
0.793147
0.866099
0.869792
0.827955
0.980853
1.14222
1.06479
1.11577
1.26904
1.1066
1.28253
1.25686
1.40866
1.24276
1.39664
1.34834
1.38869
1.41318
1.44609
1.60208
1.68805
1.76084
1.60273
1.67227
1.70787
1.87025
1.91349
1.9374
1.80046
1.71891
1.52421
1.44983
1.32794
1.31944
1.13892
1.18203
1.20588
1.17997
1.00974
0.85387
0.801177
0.671907
0.646831
0.805255
0.660878
0.76571
0.684103
0.655928
0.502184
0.436974
0.283379
0.336208
0.185261
0.327499
0.253501
0.135503
0.0481928
-0.137481
-0.211439
-0.195706
-0.15396
-0.0131669
0.0222587
-0.142477
0.00378154
0.0167052
0.20976
0.386568
0.441236
0.382256
0.214732
0.187252
0.383599
0.572737
0.711213
0.78147
0.641584
0.639263
0.491267
0.322254
0.237177
0.0950905
0.266572
0.322101
0.291532
0.185165
-0.00877475
0.157576
-0.0282848
0.0715714
0.043757
0.191897
0.284138
0.354355
0.508375
0.352266
0.44598
0.470625
0.437696
0.498151
0.647357
0.580825
0.45974
0.342211
0.210068
0.0526922
-0.0634992
-0.23002
-0.039269
0.130837
0.19913
0.0711167
0.0613544
-0.0387783
0.14563
0.0623267
0.076465
0.0258006
-0.0644609
-0.202112
-0.0486037
0.0335762
-0.0602313
0.0200759
0.0847299
0.198811
0.00966769
0.12007
0.0899576
0.0147877
-0.093216
-0.213888
-0.0458963
0.0749362
-0.0482537
-0.0347184
0.0993639
0.102036
0.154876
0.300134
0.220493
0.121233
0.190466
0.0559997
0.0317253
-0.0103884
-0.161055
-0.0393016
0.0625087
0.192038
0.301616
0.260103
0.424653
0.601426
0.544556
0.48646
0.680583
0.495162
0.522006
0.583317
0.726387
0.69032
0.548945
0.7344
0.721421
0.569068
0.554873
0.736125
0.826009
0.777516
0.577715
0.645489
0.839631
0.808835
0.758244
0.600105
0.611638
0.451468
0.28152
0.453456
0.253721
0.114038
0.00707366
-0.0368277
0.0844795
0.243577
0.434058
0.443343
0.610993
0.707536
0.604395
0.543315
0.509553
0.579487
0.381355
0.542802
0.486006
0.365773
0.205606
0.360961
0.302925
0.1065
0.170339
-0.00424284
-0.103422
-0.250546
-0.0508023
-0.214514
-0.170631
-0.149419
-0.0369014
-0.224381
-0.159073
-0.124625
-0.0997167
-0.096285
-0.0741666
0.042383
0.0656235
-0.0464732
0.11831
-0.00809599
-0.0762066
-0.0351591
-0.0574456
-0.242085
-0.0463009
0.00893244
0.149473
0.152922
0.340658
0.439386
0.305077
0.332252
0.526053
0.623986
0.606068
0.711106
0.798978
0.79004
0.931748
1.0078
0.934194
0.884371
0.876992
0.920085
0.970018
1.10825
0.930302
1.06681
1.09376
1.25239
1.20241
1.27736
1.33902
1.21183
1.1801
0.98337
0.935434
1.11533
1.21764
1.37456
1.36502
1.41633
1.57086
1.62062
1.6847
1.56004
1.43462
1.47346
1.46361
1.55163
1.35418
1.52425
1.48875
1.51208
1.60369
1.72719
1.86319
1.98959
1.82156
1.89107
1.76193
1.57109
1.57761
1.70737
1.82553
1.67886
1.73292
1.82874
1.92318
1.91363
1.97812
2.08973
1.96769
2.08915
1.90662
1.96157
1.91035
1.8976
1.90428
1.84183
1.82853
1.76901
1.80767
1.94387
1.76809
1.58018
1.67246
1.49058
1.31628
1.29273
1.18699
1.03224
1.0799
1.143
1.10768
1.03434
0.955597
1.08905
1.02019
0.966404
0.915241
0.851248
0.800844
0.832334
0.919747
0.842979
0.673875
0.742437
0.9305
0.734266
0.58973
0.611568
0.669419
0.588808
0.750789
0.564765
0.464231
0.613494
0.811339
0.669907
0.501027
0.59956
0.739313
0.630288
0.716381
0.626643
0.687689
0.751314
0.709769
0.538797
0.490381
0.316613
0.511167
0.41266
0.328196
0.325072
0.260331
0.429955
0.532588
0.343653
0.461088
0.441771
0.362408
0.356615
0.469844
0.478742
0.332877
0.192321
0.238313
0.0885886
0.0479594
-0.0552005
0.00576052
0.0951909
0.15887
0.114773
0.299653
0.130613
0.037619
-0.0428015
-0.136062
-0.105731
-0.289726
-0.313299
-0.169359
-0.366347
-0.184548
-0.327121
-0.500646
-0.551733
-0.483151
-0.297075
-0.230599
-0.0934472
-0.0830001
0.00416918
-0.101034
0.0733778
-0.0886455
0.0692874
0.161161
0.065619
0.143518
0.0457837
0.215676
0.356882
0.318044
0.311527
0.502663
0.525471
0.427806
0.238968
0.123359
-0.00133659
0.0593912
0.143152
-0.0308837
0.0612191
0.0364079
-0.111384
-0.269555
-0.32154
-0.330494
-0.179272
-0.351552
-0.293563
-0.14679
-0.0927964
-0.234729
-0.0834357
0.0730702
0.199439
0.000585634
0.189839
0.0610929
-0.0125822
-0.0780157
-0.152331
-0.16676
0.0242642
0.141325
-0.0484162
-0.233221
-0.154655
-0.0236466
-0.0976756
-0.16434
-0.0236546
-0.000451743
-0.00408438
-0.127391
-0.0604964
-0.0732238
-0.25639
-0.16178
-0.090765
-0.184286
-0.0284811
0.0145242
-0.112766
-0.0734058
-0.256586
-0.297205
-0.479045
-0.36631
-0.436663
-0.320146
-0.511012
-0.324949
-0.334174
-0.486499
-0.424435
-0.613504
-0.581372
-0.605588
-0.712631
-0.714343
-0.589645
-0.516007
-0.427519
-0.594054
-0.627149
-0.616028
-0.680192
-0.545411
-0.614795
-0.798539
-0.874874
-0.803443
-0.88161
-0.917223
-0.739752
-0.743748
-0.601303
-0.447811
-0.467991
-0.456909
-0.560327
-0.676184
-0.863656
-1.02059
-1.04864
-0.873957
-0.710263
-0.66997
-0.530732
-0.722544
-0.567618
-0.713363
-0.596129
-0.644155
-0.46002
-0.60368
-0.704923
-0.735238
-0.850739
-0.919798
-0.727267
-0.647004
-0.695302
-0.71662
-0.716523
-0.887791
-0.886583
-0.82436
-0.654853
-0.563178
-0.52916
-0.339404
-0.377667
-0.477874
-0.29342
-0.102027
-0.25466
-0.0953283
-0.247443
-0.127039
-0.094636
-0.215486
-0.293269
-0.300465
-0.132431
-0.0651185
-0.187591
-0.218153
-0.177244
-0.328526
-0.169726
-0.331491
-0.437643
-0.308501
-0.113563
-0.235749
-0.338233
-0.201631
-0.222729
-0.134723
-0.0851315
0.0419098
-0.0150546
-0.158281
-0.110604
0.0708481
0.163563
0.147752
0.0485076
-0.0151938
0.142132
0.0198871
0.0861312
-0.0846109
-0.127017
-0.200879
-0.0683587
0.0842595
0.23455
0.405638
0.32791
0.132227
0.284377
0.258833
0.327464
0.232977
0.26766
0.248319
0.0586988
0.136914
0.217494
0.347322
0.289358
0.169914
0.141341
0.188532
0.00294443
0.0730426
0.1647
0.175484
0.116172
-0.0236917
0.0778198
0.217918
0.361284
0.551921
0.360749
0.260439
0.0623375
0.152684
0.152938
-0.0434946
0.0516303
0.159121
0.166509
0.187543
0.0668669
0.178779
0.302192
0.349615
0.342953
0.39862
0.312114
0.436547
0.346676
0.232773
0.102426
0.0780889
0.185655
0.0941194
-0.00837498
-0.0145566
0.0933777
0.269216
0.276766
0.134839
0.189361
0.300316
0.441989
0.606348
0.482188
0.557657
0.560579
0.72798
0.570429
0.526838
0.70032
0.728783
0.692742
0.871714
1.02507
1.18738
1.34304
1.25384
1.20265
1.14408
1.30984
1.15747
1.06205
0.866413
0.744125
0.558617
0.485367
0.647429
0.790109
0.731071
0.537113
0.637888
0.644419
0.72656
0.792029
0.936694
0.737983
0.57945
0.63991
0.556943
0.368723
0.329736
0.215464
0.202058
0.0953815
0.125632
0.00329716
-0.0670364
-0.22256
-0.26061
-0.391679
-0.569261
-0.633698
-0.809862
-0.767018
-0.655467
-0.802173
-0.899186
-0.783577
-0.596686
-0.443021
-0.557036
-0.519238
-0.426909
-0.293619
-0.367117
-0.389759
-0.251051
-0.422342
-0.230071
-0.219595
-0.0819459
0.0503887
-0.115673
0.0303227
0.0828006
0.197867
0.380258
0.254888
0.194255
0.126761
-0.0292127
-0.148908
-0.0775346
-0.0594892
0.00759203
0.0637707
-0.040817
-0.194918
-0.281101
-0.332525
-0.139269
-0.0403757
-0.0839585
0.0951561
0.124119
0.0700619
0.0517078
-0.0390105
-0.107616
-0.0827042
-0.0267801
0.0871893
-0.0544479
-0.219422
-0.133571
-0.310705
-0.357854
-0.364153
-0.174893
-0.0111644
0.184626
-0.00808496
0.0872965
0.112175
0.0448866
-0.0143211
-0.202226
-0.383038
-0.323329
-0.280085
-0.123792
0.0435668
0.157205
-0.0314376
-0.0726
0.0713655
0.243965
0.319552
0.262152
0.203815
0.121841
0.0904794
0.217689
0.143924
0.121276
0.211451
0.269991
0.0868937
-0.0993723
0.0232202
-0.0535075
0.0602413
-0.0318802
0.0842521
-0.100283
0.0298925
0.0837966
0.00783214
-0.111121
-0.25862
-0.342187
-0.523157
-0.587828
-0.456716
-0.365349
-0.47874
-0.382495
-0.193035
-0.208739
-0.132344
-0.151418
-0.255737
-0.298016
-0.271712
-0.236322
-0.241667
-0.110706
-0.165463
-0.308226
-0.393201
-0.335181
-0.524899
-0.544267
-0.416003
-0.252367
-0.343678
-0.273659
-0.281295
-0.142683
-0.172482
-0.339058
-0.282013
-0.15237
-0.234963
-0.327044
-0.267314
-0.372934
-0.324328
-0.428127
-0.327017
-0.143779
-0.254252
-0.119343
0.0505225
-0.0457422
-0.0882303
-0.204399
-0.191887
-0.29817
-0.222714
-0.22072
-0.287198
-0.137187
-0.289231
-0.409375
-0.441545
-0.492807
-0.567552
-0.719293
-0.806622
-0.655914
-0.720327
-0.89712
-0.927137
-0.948454
-0.749709
-0.700849
-0.582416
-0.780488
-0.665781
-0.684468
-0.840091
-0.865165
-0.805521
-0.755826
-0.704033
-0.691754
-0.721025
-0.601453
-0.785945
-0.926231
-0.88089
-0.928662
-0.747024
-0.556404
-0.493115
-0.310119
-0.389868
-0.248404
-0.226596
-0.0322529
-0.117204
-0.0435348
0.130036
0.282239
0.104095
-0.0879568
-0.200894
-0.357868
-0.355697
-0.541206
-0.394135
-0.311135
-0.247925
-0.285635
-0.115921
0.0763795
-0.0311572
-0.163465
-0.0465366
-0.126322
-0.0474412
-0.237703
-0.199164
-0.0315037
-0.094818
-0.155113
-0.0376993
0.0377706
-0.0702819
-0.231539
-0.167987
-0.124641
-0.268837
-0.225009
-0.121989
-0.144819
-0.215196
-0.0430677
-0.18745
-0.122374
-0.0195918
-0.175272
-0.120864
-0.159485
-0.15047
-0.122569
-0.100762
-0.133637
-0.0932544
-0.0543865
0.0190054
0.00220601
-0.186191
-0.301612
-0.342673
-0.540556
-0.387471
-0.573595
-0.400156
-0.513106
-0.708425
-0.609529
-0.5941
-0.590855
-0.532453
-0.657519
-0.733045
-0.86927
-0.708962
-0.816254
-0.888058
-0.721709
-0.860726
-0.81282
-0.817103
-0.952295
-0.804715
-0.681609
-0.573975
-0.773392
-0.752852
-0.66705
-0.590653
-0.578417
-0.642356
-0.595327
-0.665593
-0.552965
-0.670272
-0.597478
-0.443427
-0.343208
-0.219045
-0.262181
-0.267017
-0.314905
-0.448043
-0.574507
-0.427553
-0.382981
-0.518495
-0.557343
-0.736484
-0.772496
-0.94924
-0.810881
-0.637649
-0.514964
-0.593219
-0.650252
-0.546603
-0.495968
-0.646089
-0.616934
-0.589603
-0.629635
-0.555641
-0.381118
-0.419146
-0.279237
-0.191199
-0.157767
-0.163868
-0.197294
-0.0775514
-0.0551856
-0.0908973
-0.095289
0.0436495
0.0851756
0.276834
0.453543
0.326304
0.514312
0.35572
0.417202
0.456949
0.26516
0.109177
0.235077
0.0971659
-0.0825147
0.0342095
0.072905
0.0399447
-0.130579
-0.257181
-0.122649
-0.277218
-0.126574
-0.314052
-0.180729
-0.213278
-0.286251
-0.406179
-0.595842
-0.726248
-0.532203
-0.363833
-0.356403
-0.352657
-0.224033
-0.349341
-0.500888
-0.38978
-0.426266
-0.422095
-0.514013
-0.334293
-0.290906
-0.445986
-0.481592
-0.362774
-0.368544
-0.283373
-0.362886
-0.318071
-0.203435
-0.386768
-0.460011
-0.379988
-0.408086
-0.519288
-0.484407
-0.290851
-0.122976
-0.142686
-0.0958528
0.101644
0.288737
0.316591
0.368124
0.551236
0.646863
0.678821
0.554313
0.380074
0.256227
0.251761
0.174947
0.139402
0.138407
0.216835
0.197909
0.0625658
-0.0586734
0.0887809
-0.0605808
-0.159741
-0.114558
-0.105939
-0.107744
-0.0659842
-0.129787
-0.179614
-0.157545
-0.126251
-0.235619
-0.0545794
-0.0392273
-0.227259
-0.388275
-0.257435
-0.120288
-0.171309
-0.0904634
-0.259284
-0.299327
-0.332545
-0.48835
-0.363717
-0.472383
-0.457991
-0.646578
-0.783593
-0.939551
-0.875483
-0.783725
-0.974144
-1.16216
-1.10403
-1.0903
-1.24929
-1.26158
-1.36576
-1.29981
-1.19145
-1.14606
-1.02618
-0.900238
-1.06406
-0.920994
-0.937556
-0.98921
-0.80336
-0.810631
-0.942345
-0.774313
-0.588706
-0.477531
-0.579824
-0.648492
-0.496644
-0.687229
-0.651852
-0.811453
-0.976248
-0.809237
-0.661569
-0.55852
-0.733949
-0.758472
-0.646699
-0.599137
-0.784713
-0.660669
-0.601989
-0.504052
-0.456451
-0.503867
-0.444614
-0.553627
-0.693712
-0.846096
-0.712032
-0.869693
-1.05722
-0.953483
-1.03401
-1.20827
-1.16368
-1.01383
-1.16407
-1.22717
-1.38615
-1.28506
-1.41992
-1.39582
-1.21565
-1.30201
-1.16809
-1.14131
-1.10376
-1.05714
-0.921078
-0.732905
-0.668759
-0.685218
-0.52803
-0.461063
-0.50098
-0.320186
-0.188849
-0.139095
-0.33652
-0.364601
-0.366942
-0.541935
-0.723789
-0.656015
-0.711575
-0.762991
-0.739129
-0.557393
-0.386966
-0.245843
-0.0824745
-0.0150278
-0.0892172
-0.115465
-0.302257
-0.183374
0.0146663
-0.116051
-0.0828533
0.0261057
0.00215699
0.0773887
-0.0568231
0.0149759
0.0761927
0.119777
0.11558
0.00891977
0.109527
-0.0201004
-0.172243
-0.00898578
0.175737
0.160055
0.101169
0.0376514
-0.0570769
0.0989527
0.154578
0.13356
0.141305
0.311035
0.408416
0.583258
0.389101
0.291074
0.442748
0.262409
0.187685
0.0948108
-0.0887907
0.103142
0.266548
0.144559
-0.0508692
-0.180226
0.0169798
0.174636
0.08047
0.246191
0.2593
0.315756
0.508392
0.439891
0.575704
0.637317
0.528848
0.43273
0.583922
0.534671
0.335827
0.148425
0.193602
0.280841
0.381678
0.497144
0.551039
0.566922
0.613554
0.543989
0.506503
0.309332
0.294241
0.171211
-0.0266111
0.150384
0.0986239
0.251372
0.319683
0.19531
0.296752
0.310445
0.473787
0.660054
0.630412
0.621428
0.434404
0.571429
0.660237
0.805568
0.995587
0.862165
0.777757
0.777046
0.59571
0.789504
0.685686
0.613597
0.599982
0.764467
0.730497
0.663218
0.730805
0.647742
0.577139
0.725273
0.699715
0.806738
0.958307
1.00109
0.842328
0.670622
0.684803
0.659075
0.485504
0.505935
0.464446
0.661767
0.5925
0.548379
0.452136
0.375318
0.454485
0.578335
0.609976
0.584143
0.459693
0.287829
0.257473
0.129557
0.242916
0.306982
0.116021
0.193653
0.228175
0.209199
0.110526
0.0140321
-0.0545164
0.0506416
0.130356
0.0352012
0.160312
0.199914
0.255709
0.34595
0.176003
0.02233
0.000591409
0.016589
0.0779581
0.241268
0.335244
0.434885
0.558796
0.588364
0.451866
0.621377
0.530736
0.347416
0.276958
0.366489
0.522618
0.323874
0.34514
0.146142
0.261587
0.294512
0.194651
0.371996
0.347379
0.311524
0.325398
0.435746
0.307847
0.350578
0.339811
0.476654
0.644853
0.494572
0.638359
0.443384
0.274544
0.285077
0.211488
0.317038
0.243999
0.0928258
0.0413175
0.226152
0.355143
0.175642
0.0915561
-0.0964463
0.00790488
0.190266
0.308003
0.341557
0.229145
0.376255
0.478273
0.291993
0.363404
0.491233
0.683095
0.853746
0.66918
0.628587
0.446055
0.372412
0.276635
0.271361
0.377325
0.423354
0.353794
0.274367
0.136681
0.000346781
0.118996
0.0338681
-0.0952788
0.0981969
0.215805
0.142884
0.105283
-0.0175684
0.00169342
-0.152035
-0.161438
-0.213822
-0.152144
-0.0999693
-0.282002
-0.230443
-0.121327
-0.290188
-0.46689
-0.489053
-0.40097
-0.598946
-0.447948
-0.380817
-0.35997
-0.520047
-0.406846
-0.393846
-0.302317
-0.262652
-0.242028
-0.280952
-0.240045
-0.160804
-0.168524
-0.262337
-0.247457
-0.423117
-0.591324
-0.441521
-0.418234
-0.440141
-0.327343
-0.312109
-0.15682
-0.216066
-0.376556
-0.405403
-0.2723
-0.133072
-0.266187
-0.366613
-0.32022
-0.245113
-0.347862
-0.359729
-0.226295
-0.267171
-0.186414
-0.0353542
-0.164372
-0.116815
-0.129538
-0.207385
-0.129485
-0.0503568
0.137284
0.0577629
0.140976
0.0294131
-0.056001
0.111399
0.132737
0.0678038
-0.0735319
-0.0662793
-0.255619
-0.067678
0.0788695
0.131547
0.307238
0.378534
0.228936
0.411937
0.247818
0.437119
0.342522
0.541943
0.741919
0.658107
0.521471
0.421297
0.276856
0.36484
0.259069
0.111589
0.0250673
0.0856005
0.0836671
0.136934
0.0222638
0.173238
0.0567533
0.0276636
0.0291821
0.0162344
0.148298
-0.00956454
0.116386
0.0146671
-0.0589421
0.124881
0.248669
0.429085
0.450036
0.333525
0.404088
0.388043
0.425837
0.439793
0.424496
0.409564
0.260371
0.0960717
-0.0598139
-0.0509884
0.124831
0.0593441
0.0013648
-0.0659555
-0.0660419
-0.0673419
-0.0341145
0.155291
0.291886
0.415051
0.335374
0.437981
0.610695
0.660011
0.751418
0.852808
0.801593
0.988263
0.978397
0.977908
0.821494
0.834613
0.811158
1.0044
1.12361
1.00887
0.942788
0.803538
0.799053
0.716681
0.674414
0.812843
0.647158
0.660464
0.481853
0.574964
0.538998
0.42625
0.233178
0.0839093
-0.0486019
-0.0712682
-0.25762
-0.308932
-0.135312
-0.0472595
-0.149989
-0.206296
-0.0972905
-0.139072
-0.147066
-0.227467
-0.154037
-0.0449449
-0.00181247
-0.106081
-0.178436
-0.160092
-0.297153
-0.12552
-0.0941352
0.0237022
0.0423698
-0.138368
0.0293068
0.167026
0.334318
0.391197
0.524693
0.409091
0.285256
0.384268
0.541399
0.379315
0.481184
0.354441
0.432064
0.247644
0.2366
0.0851328
-0.0628689
-0.202494
-0.285505
-0.329764
-0.497249
-0.661594
-0.730462
-0.759399
-0.615431
-0.784104
-0.634735
-0.503012
-0.489416
-0.37886
-0.318925
-0.441096
-0.340867
-0.226906
-0.420017
-0.542305
-0.505944
-0.460046
-0.459685
-0.402284
-0.494724
-0.670626
-0.825936
-0.898891
-1.00992
-0.95505
-0.902067
-0.804905
-0.909456
-0.734837
-0.585684
-0.688193
-0.837917
-0.638118
-0.67769
-0.48504
-0.631689
-0.75998
-0.661638
-0.711372
-0.695833
-0.785908
-0.949034
-0.869404
-0.692027
-0.529229
-0.639253
-0.734523
-0.763921
-0.798516
-0.667785
-0.53471
-0.366117
-0.511148
-0.4335
-0.3451
-0.320295
-0.201218
-0.0730619
0.0932451
0.0782062
-0.0449587
-0.224593
-0.0958679
0.0705158
-0.00614356
0.15882
0.149216
0.0212114
-0.0094578
0.152472
-0.0167763
0.0377391
0.084069
0.158126
0.00295725
0.0194486
0.122626
0.167186
0.112354
0.114772
0.0493418
0.0637825
0.100878
0.0708308
0.0448005
-0.0219606
0.012803
0.15748
0.0833884
-0.0971967
0.0959582
-0.053358
-0.236267
-0.234979
-0.039353
-0.189978
-0.19773
-0.0249115
-0.205892
-0.115679
-0.0425695
-0.143906
0.0488833
-0.144746
-0.111983
-0.0543142
-0.0479722
0.147456
0.316064
0.283245
0.335179
0.317256
0.132811
0.015368
0.163713
0.170134
0.185705
0.267978
0.305291
0.164923
0.309118
0.312068
0.220178
0.354383
0.544263
0.428507
0.290747
0.264753
0.251732
0.405294
0.326307
0.422994
0.307356
0.381793
0.33379
0.288436
0.313036
0.219097
0.316
0.283966
0.171867
0.0807981
-0.0235666
-0.152509
-0.121852
-0.27348
-0.177544
-0.11441
0.0353296
0.064983
-0.0898831
0.04649
-0.0535779
-0.00901834
0.0444641
0.132212
0.130871
0.025904
-0.0847136
-0.123559
0.022407
-0.0492498
-0.0902633
-0.185469
-0.175009
0.0151394
0.0989709
0.293658
0.451529
0.454736
0.468966
0.461582
0.477572
0.648904
0.727492
0.572883
0.405827
0.589573
0.467097
0.511925
0.69322
0.762103
0.807432
0.642489
0.49915
0.64166
0.832077
0.863593
1.0035
1.05136
1.07098
1.21226
1.01584
1.1756
1.27035
1.35625
1.31424
1.232
1.24745
1.08917
1.23193
1.33581
1.26916
1.22034
1.36575
1.33771
1.36154
1.23783
1.0738
0.924344
0.901158
0.942355
0.881956
0.810651
0.67868
0.607018
0.448893
0.498978
0.679304
0.637249
0.464186
0.54239
0.467316
0.584901
0.711549
0.557345
0.75329
0.570491
0.471533
0.415017
0.286541
0.102912
0.0281583
-0.139947
-0.139441
-0.0622147
0.107102
0.00324407
0.0783897
0.100952
-0.0268989
-0.00119055
0.121315
0.169079
0.019293
-0.0538196
-0.198324
-0.240903
-0.384596
-0.370944
-0.377629
-0.478441
-0.395743
-0.473509
-0.453898
-0.499142
-0.343049
-0.321353
-0.447039
-0.609765
-0.763114
-0.89541
-0.997641
-1.09618
-0.947748
-0.891247
-0.741261
-0.650885
-0.551254
-0.688672
-0.532269
-0.405132
-0.555775
-0.468019
-0.516171
-0.36392
-0.521771
-0.444456
-0.37045
-0.43742
-0.456176
-0.520319
-0.341656
-0.38283
-0.386996
-0.456496
-0.57517
-0.418242
-0.426806
-0.392568
-0.499563
-0.384075
-0.193591
-0.185197
-0.244705
-0.380861
-0.414484
-0.274409
-0.121737
-0.0460316
-0.200639
-0.192165
-0.363307
-0.277182
-0.329465
-0.255563
-0.393396
-0.303703
-0.257704
-0.429918
-0.328622
-0.140848
-0.256628
-0.32285
-0.381904
-0.558653
-0.52701
-0.476111
-0.485443
-0.511998
-0.663416
-0.861578
-0.907101
-0.717858
-0.860588
-1.06006
-1.16694
-1.01599
-1.04061
-0.989103
-1.13004
-1.21524
-1.41059
-1.5602
-1.43871
-1.4841
-1.35805
-1.48551
-1.62795
-1.77507
-1.57947
-1.77639
-1.65314
-1.82049
-2.01514
-1.86321
-1.88762
-1.76972
-1.66261
-1.52027
-1.40497
-1.28148
-1.22522
-1.0378
-0.878798
-0.762037
-0.677561
-0.540957
-0.668463
-0.567895
-0.510212
-0.422738
-0.356897
-0.29264
-0.259828
-0.292992
-0.230034
-0.389087
-0.392719
-0.358835
-0.238551
-0.368332
-0.438647
-0.535224
-0.690719
-0.811827
-0.803749
-0.638842
-0.550091
-0.499097
-0.457753
-0.466039
-0.328695
-0.382326
-0.206163
-0.318045
-0.33815
-0.313942
-0.330366
-0.26344
-0.381014
-0.414391
-0.496484
-0.43812
-0.541483
-0.558624
-0.72822
-0.800991
-0.827108
-0.673928
-0.743535
-0.806503
-0.864057
-0.810108
-0.857386
-0.717179
-0.718885
-0.664514
-0.743935
-0.832046
-0.86659
-0.802361
-0.86382
-1.03037
-1.18814
-1.04481
-1.14424
-1.28201
-1.10179
-1.03272
-0.911001
-0.943335
-0.860296
-0.84592
-1.03592
-0.922556
-0.948597
-0.936041
-0.869305
-1.0584
-0.872673
-1.04192
-0.95431
-1.11613
-1.22108
-1.04131
-1.02487
-0.869223
-0.7493
-0.701329
-0.526692
-0.403032
-0.377562
-0.224317
-0.1237
-0.040082
-0.0663511
0.0417037
0.108136
0.0211579
0.19315
0.0569136
-0.105003
-0.160632
-0.182105
-0.270865
-0.403073
-0.242026
-0.382121
-0.370461
-0.364261
-0.182997
-0.0808984
-0.0291234
-0.170779
-0.30709
-0.319446
-0.1278
-0.21356
-0.21345
-0.381062
-0.465994
-0.659922
-0.73182
-0.76961
-0.689748
-0.688752
-0.861666
-0.752085
-0.727043
-0.68595
-0.831649
-1.01379
-1.14647
-0.963448
-0.95079
-1.07322
-1.14395
-1.17441
-1.18624
-1.33998
-1.52562
-1.68183
-1.60391
-1.802
-1.75537
-1.94575
-1.75393
-1.66943
-1.68951
-1.75874
-1.74737
-1.77163
-1.84109
-1.95262
-1.80602
-1.99358
-2.01003
-1.97073
-1.99325
-1.90187
-1.92301
-1.88033
-1.92121
-2.1037
-1.94426
-1.81855
-1.96048
-2.016
-1.90078
-1.88578
-1.86175
-1.85749
-1.97795
-2.17437
-2.37366
-2.29406
-2.489
-2.65352
-2.46987
-2.41718
-2.5099
-2.57628
-2.53567
-2.49217
-2.35703
-2.54107
-2.59368
-2.57447
-2.53796
-2.41366
-2.39229
-2.36439
-2.36025
-2.30224
-2.37055
-2.35337
-2.5373
-2.5354
-2.67868
-2.81421
-2.77122
-2.85727
-2.74682
-2.80389
-2.67045
-2.66776
-2.73175
-2.55167
-2.38211
-2.52826
-2.35682
-2.31402
-2.15221
-2.1932
-2.24048
-2.12907
-1.95184
-2.11424
-2.01084
-2.01517
-2.10027
-1.95476
-2.10266
-1.971
-2.07956
-1.89481
-1.97644
-1.91541
-1.88777
-1.81803
-1.76949
-1.74023
-1.57105
-1.48453
-1.50009
-1.67494
-1.52767
-1.69624
-1.67793
-1.77505
-1.61639
-1.55734
-1.65417
-1.71478
-1.70956
-1.89324
-1.88994
-1.83626
-1.85727
-1.92186
-1.9991
-2.18945
-2.28673
-2.12774
-1.9408
-1.99749
-2.19703
-2.23314
-2.10469
-2.11829
-2.16603
-2.04286
-2.06593
-2.25979
-2.3675
-2.28472
-2.32143
-2.29127
-2.17218
-2.29589
-2.42461
-2.31497
-2.1905
-2.07492
-1.89469
-1.89383
-2.03927
-2.08743
-1.93587
-1.96924
-1.9657
-1.82167
-1.72594
-1.57919
-1.65327
-1.81641
-1.84975
-1.82769
-1.81795
-1.80005
-1.92417
-1.97652
-1.85681
-1.96856
-2.06899
-2.06958
-2.09922
-1.96658
-1.8513
-1.92706
-1.89291
-1.81486
-1.95203
-2.02693
-1.84911
-1.88335
-1.72291
-1.53355
-1.67109
-1.52571
-1.50203
-1.64241
-1.54339
-1.6002
-1.62739
-1.47175
-1.34738
-1.31651
-1.51387
-1.56798
-1.54842
-1.35772
-1.35755
-1.16968
-1.21996
-1.21033
-1.05709
-0.927618
-0.796172
-0.830947
-0.968758
-0.890859
-0.717856
-0.875148
-0.717988
-0.752935
-0.688273
-0.785237
-0.696511
-0.640246
-0.644985
-0.746861
-0.589492
-0.675985
-0.614736
-0.72535
-0.813208
-0.864275
-0.878496
-0.779711
-0.788639
-0.948063
-1.04211
-1.0759
-0.971127
-1.02442
-1.04243
-1.10334
-1.26946
-1.33646
-1.26384
-1.21592
-1.11858
-1.05343
-1.25057
-1.20384
-1.11562
-1.13977
-1.24789
-1.08169
-1.01099
-1.19136
-1.36057
-1.45998
-1.2746
-1.09054
-1.27205
-1.20029
-1.28723
-1.13614
-1.23142
-1.20263
-1.12678
-1.32099
-1.43927
-1.3497
-1.28613
-1.4233
-1.55212
-1.73759
-1.86272
-1.74535
-1.638
-1.49741
-1.4811
-1.41742
-1.30843
-1.40945
-1.52544
-1.51443
-1.51111
-1.47177
-1.28032
-1.30628
-1.12167
-0.982394
-1.04344
-0.846841
-0.794341
-0.664045
-0.856558
-0.901199
-1.07893
-1.04947
-0.933235
-1.12504
-1.22873
-1.15148
-0.992282
-0.848909
-0.870906
-0.742714
-0.677212
-0.781995
-0.779839
-0.682261
-0.679246
-0.516626
-0.442847
-0.504876
-0.628131
-0.663675
-0.603521
-0.753784
-0.8163
-0.811681
-0.925699
-0.727221
-0.753406
-0.592145
-0.51026
-0.326526
-0.369095
-0.186909
-0.309711
-0.454716
-0.394839
-0.268837
-0.168896
-0.254598
-0.163471
-0.05948
-0.0725538
-0.0652839
-0.206293
-0.2569
-0.0986746
0.0737396
0.258728
0.197517
0.362333
0.207632
0.322111
0.40447
0.540685
0.468736
0.442973
0.246691
0.331726
0.454077
0.26843
0.403255
0.581313
0.707688
0.57205
0.375143
0.411617
0.22924
0.297788
0.487805
0.531562
0.390612
0.38202
0.372989
0.327803
0.521313
0.387327
0.455266
0.402327
0.505421
0.601405
0.573615
0.612928
0.757337
0.733865
0.551616
0.514184
0.533669
0.488752
0.375371
0.364931
0.318416
0.466609
0.540785
0.544227
0.542329
0.722863
0.872078
1.07103
0.942862
0.777226
0.686103
0.565211
0.369896
0.248314
0.208138
0.166342
-0.0276029
-0.194549
-0.0622366
-0.0201568
-0.0302109
0.0496905
-0.050606
-0.0903332
-0.0561353
0.101726
0.0852364
-0.00180498
0.0789762
-0.108971
-0.0895912
0.0456388
0.239176
0.243806
0.273845
0.140156
0.0254439
-0.0283975
0.111355
-0.0334729
0.103912
0.00673704
-0.0676842
-0.0604782
-0.092284
-0.0216376
0.144763
0.241398
0.44027
0.535126
0.335922
0.357187
0.369517
0.558318
0.758179
0.572001
0.63815
0.713159
0.632073
0.558225
0.530694
0.688205
0.88195
0.714226
0.855718
0.905495
0.887506
1.07005
1.09563
0.903728
0.808714
0.907853
0.862745
0.679209
0.62145
0.780129
0.595562
0.638967
0.521119
0.586543
0.390839
0.570861
0.541107
0.440424
0.513596
0.432085
0.489041
0.595772
0.768428
0.638872
0.493657
0.331419
0.427873
0.280765
0.0871811
0.00394065
-0.194049
-0.00186494
-0.0293597
-0.11123
-0.144463
-0.165722
-0.247572
-0.305747
-0.117794
-0.131877
-0.304806
-0.263377
-0.241642
-0.0510651
-0.222528
-0.259958
-0.186926
-0.03966
-0.155074
-0.257829
-0.279324
-0.291478
-0.279928
-0.415762
-0.259514
-0.187166
-0.233125
-0.340633
-0.241343
-0.426087
-0.241666
-0.128972
-0.105273
-0.294678
-0.22885
-0.425484
-0.384324
-0.56738
-0.506771
-0.314525
-0.24748
-0.109002
-0.12927
-0.240531
-0.141297
0.0271461
0.0201788
0.160408
0.0917614
-0.0186322
-0.0629508
-0.124292
-0.191472
-0.285978
-0.178493
0.00137535
0.174839
0.0483914
-0.143442
-0.0367416
-0.189704
-0.167361
-0.208116
-0.235332
-0.21232
-0.0400097
-0.146079
0.0055748
-0.172506
-0.158663
-0.214013
-0.246832
-0.161278
-0.140989
-0.275677
-0.190059
-0.169694
-0.348061
-0.171866
-0.263153
-0.359963
-0.442737
-0.615499
-0.50726
-0.505379
-0.387804
-0.556982
-0.634899
-0.582316
-0.768553
-0.735459
-0.887039
-0.901415
-0.999706
-0.830982
-0.759036
-0.643346
-0.536825
-0.472842
-0.412329
-0.313668
-0.176008
-0.139354
-0.333183
-0.305179
-0.138445
-0.0635407
0.124718
0.245164
0.0734023
0.0354981
-0.124293
-0.301086
-0.287984
-0.237066
-0.326255
-0.366536
-0.37537
-0.474312
-0.638014
-0.618654
-0.784696
-0.735883
-0.586567
-0.561994
-0.59687
-0.74975
-0.874529
-0.961083
-1.07069
-1.25688
-1.15187
-0.990976
-0.809956
-0.797295
-0.609331
-0.412104
-0.457393
-0.267701
-0.130818
-0.0409354
0.0140172
0.192989
0.0373322
0.186288
0.26596
0.263922
0.142624
0.155257
0.194221
0.0223426
-0.131556
0.0076362
0.0459557
0.163093
0.340046
0.466083
0.529586
0.365892
0.4046
0.57332
0.680605
0.696944
0.741715
0.916508
0.96227
0.987383
0.805958
1.00036
0.864806
1.02403
0.97088
0.984679
1.16175
1.17425
1.28605
1.13213
1.11492
1.09418
1.05102
0.972491
1.04263
0.993127
0.922372
0.966133
0.848971
0.970844
0.968429
0.866621
0.757612
0.738476
0.858847
0.843606
0.744562
0.696789
0.731722
0.888036
0.876339
0.904228
0.807985
0.619169
0.541077
0.432188
0.563102
0.611446
0.436704
0.574257
0.417859
0.478401
0.447844
0.430624
0.423468
0.380353
0.54606
0.57657
0.433773
0.585464
0.466918
0.379382
0.505197
0.335317
0.309161
0.301284
0.32678
0.201427
0.0325791
0.0202196
-0.0262942
-0.0262538
0.0314138
-0.0829191
-0.204838
-0.209722
-0.370715
-0.213407
-0.326511
-0.223093
-0.34519
-0.212
-0.0325775
0.00308792
-0.131395
-0.284736
-0.117119
0.00107447
-0.134426
-0.131487
-0.104316
-0.20685
-0.175664
-0.152062
-0.0799184
-0.0981199
-0.0764385
0.110195
-0.0133289
0.0312766
0.214827
0.192131
0.0177794
0.217044
0.122436
-0.016901
-0.185324
-0.182575
-0.14043
-0.130977
-0.0228451
-0.122045
0.0567312
0.00820849
0.00607927
0.111207
0.172812
0.307512
0.152197
0.177947
0.028548
0.202636
0.14166
0.132737
0.262902
0.125536
0.319726
0.397894
0.370311
0.520181
0.450643
0.260958
0.269257
0.387577
0.494548
0.556768
0.524542
0.407126
0.366795
0.21133
0.319872
0.368345
0.306167
0.490493
0.62103
0.505243
0.341594
0.427971
0.362746
0.546249
0.512673
0.682779
0.730837
0.673162
0.6594
0.707875
0.83636
0.937025
0.884471
0.689991
0.522922
0.560785
0.505346
0.590275
0.668156
0.778968
0.816024
0.981767
0.841538
0.923885
0.85231
0.744572
0.667224
0.803273
0.643169
0.447339
0.581851
0.512931
0.474414
0.2893
0.291292
0.228539
0.204195
0.275476
0.109653
-0.0793798
-0.157309
-0.105693
-0.116484
-0.0950369
-0.0220755
0.145873
0.242901
0.352895
0.155479
0.274651
0.328753
0.130727
0.138267
0.0588923
0.115451
0.176028
0.257532
0.428589
0.432865
0.314454
0.248705
0.15292
0.245113
0.196398
0.16765
0.0942025
0.0209156
0.0894683
0.0449057
0.210157
0.0601322
0.168318
0.288737
0.129249
0.306865
0.2293
0.209472
0.235302
0.378489
0.444534
0.462355
0.483851
0.454703
0.262288
0.370368
0.175917
0.365243
0.332197
0.47867
0.539687
0.624002
0.552328
0.741994
0.731444
0.862185
0.69538
0.788565
0.658237
0.534501
0.366199
0.395736
0.331758
0.499488
0.365394
0.190094
0.0747317
0.0257844
-0.0241882
-0.164212
-0.0457902
0.106697
0.107603
0.106618
-0.0449243
-0.0655349
-0.0831922
0.0559746
0.0207606
0.16488
0.214827
0.227375
0.093249
0.244359
0.30443
0.359304
0.207326
0.0826342
-0.0308767
-0.102529
-0.239872
-0.0964064
-0.250009
-0.319385
-0.203115
-0.347709
-0.280795
-0.440609
-0.273067
-0.413386
-0.590736
-0.774685
-0.755263
-0.877093
-0.7729
-0.748391
-0.849428
-0.692038
-0.540959
-0.580679
-0.736857
-0.722605
-0.832656
-0.928884
-0.916556
-0.790087
-0.671784
-0.813966
-0.909977
-0.863487
-0.962076
-1.08944
-1.15308
-1.26275
-1.30817
-1.35389
-1.26133
-1.41645
-1.2667
-1.28548
-1.33247
-1.39627
-1.5239
-1.45058
-1.34242
-1.50797
-1.34855
-1.28709
-1.10087
-1.01911
-1.21582
-1.19261
-1.12127
-1.16079
-0.998732
-0.829205
-0.666158
-0.50361
-0.532468
-0.450994
-0.316067
-0.313154
-0.458344
-0.258347
-0.302912
-0.385247
-0.24096
-0.0606697
-0.0590282
0.115264
-0.0404184
0.0534265
-0.00826747
0.114749
0.170505
0.302493
0.32318
0.348656
0.377121
0.503727
0.36556
0.542907
0.497377
0.634666
0.681122
0.782652
0.664686
0.822434
0.932757
1.01996
1.1265
0.930823
0.734595
0.86238
0.855805
0.894569
1.06699
0.900034
0.939339
0.835733
0.72329
0.746342
0.940986
0.885479
0.880169
0.876428
0.791202
0.990938
0.890045
0.862593
0.843708
0.78421
0.601597
0.555591
0.523064
0.468564
0.353798
0.460113
0.453775
0.318313
0.133483
0.126704
0.195932
0.257116
0.210482
0.074876
0.252444
0.332059
0.387845
0.193155
0.16271
0.12971
0.122014
0.0248908
-0.163301
-0.146444
-0.147034
-0.227686
-0.227532
-0.0422477
0.11538
0.0873611
0.161006
0.223861
0.375642
0.287733
0.156467
0.291425
0.281067
0.202502
0.135715
-0.0379497
-0.144638
-0.190456
-0.26625
-0.206292
-0.386045
-0.418394
-0.449531
-0.569153
-0.500441
-0.460218
-0.452708
-0.498762
-0.395743
-0.361989
-0.297855
-0.214113
-0.185629
-0.0635797
-0.0947971
-0.133999
-0.00126463
-0.141426
-0.266583
-0.42948
-0.417126
-0.322714
-0.3966
-0.298303
-0.443991
-0.370573
-0.47894
-0.569015
-0.601149
-0.632431
-0.785774
-0.745456
-0.662918
-0.515557
-0.692664
-0.550802
-0.382709
-0.348691
-0.3474
-0.38592
-0.212062
-0.350692
-0.514449
-0.504267
-0.418623
-0.594475
-0.515259
-0.617484
-0.59176
-0.627959
-0.526209
-0.453612
-0.322489
-0.358139
-0.237826
-0.425304
-0.298487
-0.482831
-0.595265
-0.451827
-0.302444
-0.313126
-0.406062
-0.214294
-0.0498887
-0.206998
-0.202687
-0.283622
-0.143528
-0.278098
-0.120538
0.0102625
-0.0940056
0.0441521
0.0996742
0.290067
0.376031
0.362116
0.397235
0.289077
0.106661
0.083508
-0.00392749
-0.0948689
-0.106454
-0.0894348
-0.285802
-0.201352
-0.0653117
-0.204978
-0.169885
-0.201169
-0.392102
-0.372952
-0.234817
-0.377375
-0.238369
-0.14246
0.0183965
-0.00154901
0.0421246
0.0259124
0.0531639
0.127672
-0.0400684
-0.132727
-0.139872
-0.156136
-0.157677
-0.149322
0.0222986
-0.00209452
-0.111507
-0.203811
-0.0220239
-0.201027
-0.00161402
-0.0738847
-0.18695
-0.0425845
-0.118556
-0.209249
-0.256246
-0.164744
-0.199549
-0.339847
-0.501691
-0.4297
-0.610695
-0.45546
-0.260353
-0.360705
-0.275861
-0.386719
-0.229795
-0.255095
-0.169606
-0.116664
-0.315601
-0.12684
-0.256721
-0.369308
-0.45735
-0.502988
-0.39955
-0.451161
-0.386557
-0.344456
-0.306128
-0.160985
-0.271563
-0.274609
-0.40755
-0.283141
-0.311618
-0.479845
-0.41056
-0.356754
-0.555894
-0.37614
-0.552359
-0.730342
-0.569042
-0.675191
-0.639682
-0.541572
-0.72743
-0.803249
-0.989016
-0.917555
-0.863503
-0.899366
-0.735704
-0.885692
-0.92958
-1.05006
-1.07601
-1.20059
-1.25721
-1.2117
-1.14819
-1.26697
-1.38955
-1.24795
-1.12782
-0.961504
-0.990279
-1.08592
-0.914043
-0.958426
-1.0789
-0.921217
-0.932187
-0.853709
-0.913764
-0.899197
-0.733588
-0.676727
-0.577631
-0.41106
-0.281884
-0.24208
-0.164822
-0.30828
-0.14307
-0.0264871
-0.0149223
-0.112789
-0.311085
-0.197064
-0.281653
-0.473686
-0.283497
-0.237106
-0.152508
0.0263575
-0.03302
0.156052
0.109993
0.270558
0.439244
0.375935
0.275598
0.369181
0.27498
0.127726
0.136709
0.256679
0.0750374
0.254935
0.265422
0.0755417
0.250455
0.0983549
0.228755
0.243836
0.257424
0.288645
0.123015
0.0593505
0.256971
0.393132
0.429028
0.398743
0.329287
0.145842
0.0984422
0.221359
0.238381
0.139345
-0.0424875
0.0147164
-0.0941727
-0.0436477
-0.154616
-0.164335
-0.0272879
-0.062042
-0.109575
-0.0689409
0.0985663
0.0518169
0.150299
-0.0282763
-0.0320148
-0.15419
0.0251125
-0.0842715
-0.00966573
-0.16973
-0.00181661
0.113544
0.0844318
0.1918
0.302826
0.407796
0.535395
0.353402
0.445498
0.440789
0.360112
0.185583
0.11256
-0.0451814
-0.194524
-0.109869
-0.107137
-0.117914
-0.0779235
-0.00240246
0.079259
0.255159
0.30521
0.324544
0.410123
0.44981
0.321148
0.156093
0.245675
0.118022
0.149425
0.0283452
-0.0710817
-0.166091
-0.108816
-0.196988
-0.108173
-0.0923494
-0.128428
0.0291127
-0.145695
-0.123596
-0.0510204
-0.042455
-0.124031
0.00773221
0.168631
0.157167
0.251851
0.128184
-0.0363665
0.125028
0.166584
0.361319
0.477378
0.624186
0.488305
0.536067
0.553707
0.725408
0.614747
0.50804
0.676403
0.759816
0.911219
0.791777
0.742894
0.882412
0.902567
1.01896
1.01709
0.909238
0.907274
0.755058
0.601328
0.537912
0.52072
0.365766
0.350199
0.483154
0.542597
0.507218
0.700265
0.681517
0.861121
0.983917
1.15444
0.991913
0.906971
0.741627
0.726496
0.909427
0.893558
0.748017
0.607047
0.4994
0.439733
0.504082
0.696491
0.699235
0.873193
0.948355
1.06163
0.869852
0.805281
0.67318
0.481261
0.602429
0.492713
0.581276
0.40429
0.339106
0.396963
0.483855
0.374524
0.225329
0.220276
0.118974
0.0284621
-0.125134
0.00186181
0.197751
0.157319
0.249318
0.418046
0.570056
0.444863
0.410825
0.241445
0.327306
0.293335
0.178621
0.351924
0.171553
0.197935
0.384799
0.349331
0.527069
0.704996
0.721035
0.755212
0.760766
0.602618
0.589905
0.700037
0.667014
0.634064
0.514701
0.41017
0.272098
0.470231
0.286599
0.460279
0.613653
0.557837
0.605472
0.654594
0.495113
0.676059
0.514701
0.414112
0.247084
0.053407
0.120616
-0.0644776
-0.0166887
0.0350609
0.0666321
0.146488
0.121477
0.134306
0.192645
0.238973
0.29453
0.142669
0.334215
0.233921
0.151781
-0.04004
-0.0766491
-0.151114
-0.163526
-0.0585419
-0.221827
-0.291462
-0.166943
-0.201389
-0.069094
-0.266593
-0.129601
-0.305142
-0.218301
-0.401063
-0.232959
-0.327896
-0.423574
-0.383549
-0.458047
-0.302101
-0.103964
-0.0511117
0.0224859
-0.0203133
0.00525869
0.125403
-0.0623849
0.054714
0.196466
0.105822
0.067445
0.00140749
0.0920968
-0.0567747
0.0328229
0.170974
0.284161
0.392011
0.424358
0.353615
0.223603
0.116783
0.0745881
-0.0629879
-0.101413
-0.0416254
-0.165735
0.00873757
-0.0592047
0.0276019
0.191344
0.355054
0.235049
0.227857
0.106602
0.239395
0.120271
-0.0224039
0.0222565
0.0226033
-0.157664
-0.101419
0.097065
-0.010281
-0.185399
-0.0244846
-0.0797131
-0.116032
-0.0789
-0.150456
-0.311416
-0.255706
-0.328748
-0.524898
-0.714072
-0.905287
-0.886148
-0.74206
-0.854058
-0.945143
-0.748282
-0.652586
-0.642409
-0.478629
-0.424147
-0.385929
-0.463244
-0.521665
-0.374523
-0.20746
-0.0330322
0.0078433
-0.107495
0.0210341
0.0457452
0.133464
0.0382951
0.0524376
0.0112664
0.111867
-0.0195173
-0.189832
-0.137923
0.0401419
0.0587375
-0.0434713
-0.0643572
-0.0451559
-0.0329431
-0.134886
-0.164162
-0.0675301
0.105197
-0.0925531
-0.292127
-0.100464
0.0111917
0.15878
0.0579363
0.160264
0.197197
0.35684
0.537682
0.484193
0.528989
0.652807
0.659651
0.647748
0.728032
0.53762
0.351722
0.409483
0.275152
0.291434
0.319117
0.283582
0.379744
0.344139
0.467564
0.321271
0.285719
0.385189
0.200165
0.013845
0.034847
-0.0799482
-0.176935
-0.229217
-0.170689
-0.155264
-0.33749
-0.290247
-0.14647
-0.228966
-0.061646
-0.205369
-0.334895
-0.433663
-0.24996
-0.268363
-0.202961
-0.273429
-0.423267
-0.484417
-0.542469
-0.380387
-0.535114
-0.611654
-0.795448
-0.730371
-0.777139
-0.621007
-0.454332
-0.340518
-0.514404
-0.476737
-0.584081
-0.620295
-0.471739
-0.618875
-0.629488
-0.518354
-0.496167
-0.607361
-0.554107
-0.441432
-0.616653
-0.696467
-0.753304
-0.781008
-0.619392
-0.478398
-0.551483
-0.451436
-0.410592
-0.489534
-0.545502
-0.743962
-0.632462
-0.465384
-0.622987
-0.586279
-0.570645
-0.423779
-0.347166
-0.17074
-0.340728
-0.319855
-0.214776
-0.15229
-0.0622859
-0.0965738
-0.199881
-0.347707
-0.455317
-0.628697
-0.556215
-0.551057
-0.487275
-0.340611
-0.150444
-0.303199
-0.250809
-0.250328
-0.44682
-0.505719
-0.322845
-0.468614
-0.375893
-0.522416
-0.653889
-0.647228
-0.779399
-0.823819
-0.730287
-0.925321
-0.775964
-0.775397
-0.973391
-0.882702
-0.966434
-1.11925
-1.18338
-1.38267
-1.349
-1.17119
-1.04346
-1.1748
-1.29714
-1.14936
-0.960064
-0.796169
-0.655774
-0.618003
-0.492711
-0.55677
-0.699057
-0.504769
-0.597054
-0.53565
-0.542465
-0.586781
-0.547341
-0.722905
-0.578597
-0.772791
-0.598015
-0.472359
-0.502687
-0.601839
-0.428656
-0.555143
-0.549864
-0.407847
-0.542043
-0.482228
-0.353893
-0.226123
-0.353335
-0.344948
-0.464399
-0.329275
-0.159459
-0.236397
-0.172056
0.0189883
0.175262
0.213484
0.295339
0.268833
0.196583
0.245135
0.154311
0.0759432
0.0546282
-0.00974874
0.0784372
-0.107873
-0.0297064
0.0126155
0.0575935
0.197365
0.0253368
0.0994583
0.290032
0.170271
0.112083
0.0745765
-0.0741632
0.121237
0.215863
0.108321
-0.0598768
0.092432
0.0227527
0.219261
0.131658
0.254807
0.387917
0.346435
0.224415
0.0982434
0.121232
0.29318
0.199509
0.118061
0.264309
0.395422
0.373097
0.325569
0.208123
0.0213396
-0.120192
-0.132073
-0.261555
-0.311873
-0.295112
-0.274224
-0.130481
-0.238683
-0.146199
-0.0368067
0.121212
0.255336
0.0677636
-0.014681
-0.0290102
0.120917
0.161029
0.268356
0.077836
0.0158167
-0.0647042
-0.180868
-0.148172
-0.301234
-0.162756
-0.0235996
0.156602
0.133484
-0.0549556
-0.0886505
-0.0922778
0.0676965
-0.0602352
0.0469555
0.0638562
0.0756533
0.120746
0.0543197
0.187115
0.350269
0.296299
0.241249
0.265893
0.435516
0.490343
0.589974
0.511778
0.593057
0.396437
0.242884
0.244247
0.390639
0.577005
0.434727
0.358177
0.251644
0.150575
0.0569647
0.0818418
0.172493
0.128198
-0.0121884
0.000751349
0.00856032
-0.0974617
0.00213119
-0.0692029
-0.0486223
-0.178818
-0.0479322
-0.00975205
0.0491787
-0.0251869
0.104851
0.00626396
-0.046951
0.0889746
0.162485
0.298415
0.35441
0.474485
0.351391
0.318588
0.250976
0.19021
0.0781042
-0.0516708
-0.0477222
0.145392
0.31951
0.374405
0.354524
0.499105
0.32302
0.312876
0.455337
0.436893
0.552557
0.489096
0.554424
0.492675
0.60597
0.517257
0.496792
0.387951
0.51838
0.65256
0.69592
0.552906
0.43006
0.247562
0.251974
0.0580879
-0.00773826
-0.0911845
0.0245503
-0.145366
-0.27197
-0.368003
-0.549535
-0.590798
-0.398369
-0.290883
-0.225485
-0.139125
-0.100018
-0.0224153
0.106873
-0.0238494
0.072362
0.164957
0.100986
0.0743681
-0.121267
0.0143593
0.148432
0.159215
0.31132
0.390687
0.487692
0.420296
0.256008
0.322777
0.371569
0.427666
0.296863
0.201883
0.301624
0.335931
0.285197
0.114637
0.20175
0.127419
0.0456959
0.177246
0.326252
0.180006
0.1513
0.174201
0.286404
0.169293
0.146292
0.213431
0.377026
0.239181
0.386786
0.376173
0.281195
0.119713
0.0639196
-0.058153
0.0769301
0.235006
0.254274
0.252019
0.266436
0.248133
0.0731638
0.221211
0.129671
0.153432
-0.00902626
0.0277783
-0.143254
-0.0543482
0.0133495
-0.114146
-0.0789167
-0.13002
-0.0836013
0.048146
0.0853927
0.164706
0.303897
0.439224
0.274612
0.216126
0.385707
0.441744
0.454199
0.472224
0.351058
0.259919
0.387668
0.325122
0.467077
0.344137
0.208687
0.127602
0.0195349
-0.000990198
0.0701765
0.142828
0.138388
0.281781
0.481648
0.300649
0.115366
0.306514
0.234125
0.209219
0.12552
0.19162
0.34513
0.367056
0.359743
0.394954
0.232105
0.15173
0.308228
0.323872
0.275191
0.0804345
0.158674
0.220667
0.203302
0.0180038
-0.107529
0.0408885
-0.00026971
0.168637
0.051116
-0.140367
-0.0177843
-0.196727
-0.194459
-0.132461
-0.213951
-0.189345
-0.17351
-0.281871
-0.110298
-0.213279
-0.186919
-0.217139
-0.320148
-0.489229
-0.477446
-0.372051
-0.299697
-0.350394
-0.222295
-0.0782988
0.0465733
0.0646853
-0.0847788
-0.241424
-0.197941
-0.237149
-0.262293
-0.208771
-0.120646
-0.132873
-0.079108
-0.068676
0.0211583
0.00709413
0.0208055
-0.079485
-0.229814
-0.372541
-0.489777
-0.558104
-0.533538
-0.733296
-0.76993
-0.818805
-0.755765
-0.749996
-0.610844
-0.659218
-0.616245
-0.779016
-0.808557
-0.671276
-0.673223
-0.542099
-0.590319
-0.7551
-0.644883
-0.785108
-0.595781
-0.572662
-0.468069
-0.455748
-0.653227
-0.801135
-0.624222
-0.637655
-0.835055
-0.777018
-0.678092
-0.5419
-0.4868
-0.425433
-0.47312
-0.400049
-0.388683
-0.497112
-0.673836
-0.658495
-0.623466
-0.590339
-0.680975
-0.548126
-0.509847
-0.432856
-0.321047
-0.286553
-0.319113
-0.289318
-0.093353
0.00361441
0.074137
0.116752
-0.0153605
-0.177471
-0.327494
-0.360969
-0.37124
-0.465952
-0.315919
-0.413253
-0.61123
-0.453285
-0.572057
-0.53675
-0.389889
-0.382893
-0.385377
-0.349509
-0.483115
-0.57606
-0.509885
-0.455984
-0.582056
-0.415784
-0.291276
-0.195074
-0.105486
-0.244021
-0.386989
-0.509844
-0.399464
-0.410118
-0.292585
-0.364909
-0.38639
-0.514236
-0.368998
-0.463598
-0.560637
-0.436053
-0.479095
-0.370396
-0.247382
-0.197747
-0.127522
-0.0275036
-0.119398
-0.110042
0.0267979
-0.0995928
0.0746264
-0.0347386
0.0923587
0.18491
0.300184
0.101188
0.168803
0.156233
0.351641
0.418302
